time	time	departures_all	arrivals_all	stuck_all	en-route_all	departures_car	arrivals_car	stuck_car	en-route_car	departures_pt	arrivals_pt	stuck_pt	en-route_pt	departures_walk	arrivals_walk	stuck_walk	en-route_walk
00:00:00	0	0	0	0	0	0	0	0	0	0	0	0	0	0	0	0	0
00:05:00	300	0	0	0	0	0	0	0	0	0	0	0	0	0	0	0	0
00:10:00	600	0	0	0	0	0	0	0	0	0	0	0	0	0	0	0	0
00:15:00	900	0	0	0	0	0	0	0	0	0	0	0	0	0	0	0	0
00:20:00	1200	0	0	0	0	0	0	0	0	0	0	0	0	0	0	0	0
00:25:00	1500	0	0	0	0	0	0	0	0	0	0	0	0	0	0	0	0
00:30:00	1800	0	0	0	0	0	0	0	0	0	0	0	0	0	0	0	0
00:35:00	2100	0	0	0	0	0	0	0	0	0	0	0	0	0	0	0	0
00:40:00	2400	0	0	0	0	0	0	0	0	0	0	0	0	0	0	0	0
00:45:00	2700	0	0	0	0	0	0	0	0	0	0	0	0	0	0	0	0
00:50:00	3000	0	0	0	0	0	0	0	0	0	0	0	0	0	0	0	0
00:55:00	3300	0	0	0	0	0	0	0	0	0	0	0	0	0	0	0	0
01:00:00	3600	0	0	0	0	0	0	0	0	0	0	0	0	0	0	0	0
01:05:00	3900	0	0	0	0	0	0	0	0	0	0	0	0	0	0	0	0
01:10:00	4200	0	0	0	0	0	0	0	0	0	0	0	0	0	0	0	0
01:15:00	4500	0	0	0	0	0	0	0	0	0	0	0	0	0	0	0	0
01:20:00	4800	0	0	0	0	0	0	0	0	0	0	0	0	0	0	0	0
01:25:00	5100	0	0	0	0	0	0	0	0	0	0	0	0	0	0	0	0
01:30:00	5400	0	0	0	0	0	0	0	0	0	0	0	0	0	0	0	0
01:35:00	5700	0	0	0	0	0	0	0	0	0	0	0	0	0	0	0	0
01:40:00	6000	0	0	0	0	0	0	0	0	0	0	0	0	0	0	0	0
01:45:00	6300	0	0	0	0	0	0	0	0	0	0	0	0	0	0	0	0
01:50:00	6600	0	0	0	0	0	0	0	0	0	0	0	0	0	0	0	0
01:55:00	6900	0	0	0	0	0	0	0	0	0	0	0	0	0	0	0	0
02:00:00	7200	0	0	0	0	0	0	0	0	0	0	0	0	0	0	0	0
02:05:00	7500	0	0	0	0	0	0	0	0	0	0	0	0	0	0	0	0
02:10:00	7800	0	0	0	0	0	0	0	0	0	0	0	0	0	0	0	0
02:15:00	8100	0	0	0	0	0	0	0	0	0	0	0	0	0	0	0	0
02:20:00	8400	0	0	0	0	0	0	0	0	0	0	0	0	0	0	0	0
02:25:00	8700	0	0	0	0	0	0	0	0	0	0	0	0	0	0	0	0
02:30:00	9000	0	0	0	0	0	0	0	0	0	0	0	0	0	0	0	0
02:35:00	9300	0	0	0	0	0	0	0	0	0	0	0	0	0	0	0	0
02:40:00	9600	0	0	0	0	0	0	0	0	0	0	0	0	0	0	0	0
02:45:00	9900	0	0	0	0	0	0	0	0	0	0	0	0	0	0	0	0
02:50:00	10200	0	0	0	0	0	0	0	0	0	0	0	0	0	0	0	0
02:55:00	10500	0	0	0	0	0	0	0	0	0	0	0	0	0	0	0	0
03:00:00	10800	0	0	0	0	0	0	0	0	0	0	0	0	0	0	0	0
03:05:00	11100	0	0	0	0	0	0	0	0	0	0	0	0	0	0	0	0
03:10:00	11400	0	0	0	0	0	0	0	0	0	0	0	0	0	0	0	0
03:15:00	11700	0	0	0	0	0	0	0	0	0	0	0	0	0	0	0	0
03:20:00	12000	0	0	0	0	0	0	0	0	0	0	0	0	0	0	0	0
03:25:00	12300	0	0	0	0	0	0	0	0	0	0	0	0	0	0	0	0
03:30:00	12600	0	0	0	0	0	0	0	0	0	0	0	0	0	0	0	0
03:35:00	12900	0	0	0	0	0	0	0	0	0	0	0	0	0	0	0	0
03:40:00	13200	0	0	0	0	0	0	0	0	0	0	0	0	0	0	0	0
03:45:00	13500	0	0	0	0	0	0	0	0	0	0	0	0	0	0	0	0
03:50:00	13800	0	0	0	0	0	0	0	0	0	0	0	0	0	0	0	0
03:55:00	14100	0	0	0	0	0	0	0	0	0	0	0	0	0	0	0	0
04:00:00	14400	0	0	0	0	0	0	0	0	0	0	0	0	0	0	0	0
04:05:00	14700	0	0	0	0	0	0	0	0	0	0	0	0	0	0	0	0
04:10:00	15000	0	0	0	0	0	0	0	0	0	0	0	0	0	0	0	0
04:15:00	15300	0	0	0	0	0	0	0	0	0	0	0	0	0	0	0	0
04:20:00	15600	0	0	0	0	0	0	0	0	0	0	0	0	0	0	0	0
04:25:00	15900	0	0	0	0	0	0	0	0	0	0	0	0	0	0	0	0
04:30:00	16200	0	0	0	0	0	0	0	0	0	0	0	0	0	0	0	0
04:35:00	16500	0	0	0	0	0	0	0	0	0	0	0	0	0	0	0	0
04:40:00	16800	0	0	0	0	0	0	0	0	0	0	0	0	0	0	0	0
04:45:00	17100	0	0	0	0	0	0	0	0	0	0	0	0	0	0	0	0
04:50:00	17400	0	0	0	0	0	0	0	0	0	0	0	0	0	0	0	0
04:55:00	17700	0	0	0	0	0	0	0	0	0	0	0	0	0	0	0	0
05:00:00	18000	0	0	0	0	0	0	0	0	0	0	0	0	0	0	0	0
05:05:00	18300	0	0	0	0	0	0	0	0	0	0	0	0	0	0	0	0
05:10:00	18600	1	0	0	1	0	0	0	0	0	0	0	0	1	0	0	1
05:15:00	18900	5	1	0	5	3	0	0	3	1	0	0	1	1	1	0	1
05:20:00	19200	5	2	0	8	3	2	0	4	0	0	0	1	2	0	0	3
05:25:00	19500	7	4	0	11	3	4	0	3	0	0	0	1	4	0	0	7
05:30:00	19800	7	2	0	16	5	2	0	6	0	0	0	1	2	0	0	9
05:35:00	20100	4	5	0	15	2	5	0	3	0	0	0	1	2	0	0	11
05:40:00	20400	16	5	0	26	12	3	0	12	2	0	0	3	2	2	0	11
05:45:00	20700	23	9	0	40	16	6	0	22	3	0	0	6	4	3	0	12
05:50:00	21000	38	29	0	49	27	25	0	24	4	0	0	10	7	4	0	15
05:55:00	21300	38	19	0	68	32	17	0	39	1	0	0	11	5	2	0	18
06:00:00	21600	79	56	0	91	40	45	0	34	3	7	0	7	36	4	0	50
06:05:00	21900	90	47	0	134	56	32	0	58	8	4	0	11	26	11	0	65
06:10:00	22200	152	94	0	192	86	63	0	81	13	14	0	10	53	17	0	101
06:15:00	22500	238	110	0	320	145	81	0	145	10	11	0	9	83	18	0	166
06:20:00	22800	340	163	0	497	223	125	0	243	19	10	0	18	98	28	0	236
06:25:00	23100	423	294	0	626	252	226	0	269	31	21	0	28	140	47	0	329
06:30:00	23400	570	345	0	851	338	260	0	347	44	28	0	44	188	57	0	460
06:35:00	23700	778	453	0	1176	466	314	0	499	70	49	0	65	242	90	0	612
06:40:00	24000	924	659	0	1441	508	463	0	544	80	80	0	65	336	116	0	832
06:45:00	24300	1058	759	0	1740	583	512	0	615	117	71	0	111	358	176	0	1014
06:50:00	24600	1355	917	0	2178	718	583	0	750	151	117	0	145	486	217	0	1283
06:55:00	24900	1593	1081	0	2690	788	685	0	853	171	145	0	171	634	251	0	1666
07:00:00	25200	2164	1333	0	3521	1103	813	0	1143	208	180	0	199	853	340	0	2179
07:05:00	25500	2926	1724	0	4723	1479	1077	0	1545	271	201	0	269	1176	446	0	2909
07:10:00	25800	3949	2263	0	6409	1990	1444	0	2091	373	263	0	379	1586	556	0	3939
07:15:00	26100	4947	2794	0	8562	2428	1772	0	2747	449	340	0	488	2070	682	0	5327
07:20:00	26400	6135	3540	0	11157	2909	2103	0	3553	692	452	0	728	2534	985	0	6876
07:25:00	26700	6770	3859	0	14068	3212	2184	0	4581	837	470	0	1095	2721	1205	0	8392
07:30:00	27000	7060	4304	0	16824	3080	2158	0	5503	1025	601	0	1519	2955	1545	0	9802
07:35:00	27300	6986	4809	0	19001	2901	2278	0	6126	1200	762	0	1957	2885	1769	0	10918
07:40:00	27600	6369	5163	0	20207	2384	2162	0	6348	1267	936	0	2288	2718	2065	0	11571
07:45:00	27900	5823	5406	0	20624	2014	2102	0	6260	1370	1025	0	2633	2439	2279	0	11731
07:50:00	28200	4944	5409	0	20159	1558	1974	0	5844	1372	965	0	3040	2014	2470	0	11275
07:55:00	28500	4229	5353	0	19035	1169	1873	0	5140	1151	1150	0	3041	1909	2330	0	10854
08:00:00	28800	3744	5144	0	17635	930	1587	0	4483	1148	1085	0	3104	1666	2472	0	10048
08:05:00	29100	3200	5009	0	15826	718	1553	0	3648	945	1077	0	2972	1537	2379	0	9206
08:10:00	29400	2944	4648	0	14122	634	1322	0	2960	718	1203	0	2487	1592	2123	0	8675
08:15:00	29700	2558	4185	0	12495	614	1095	0	2479	682	939	0	2230	1262	2151	0	7786
08:20:00	30000	2123	3645	0	10973	504	847	0	2136	568	750	0	2048	1051	2048	0	6789
08:25:00	30300	1938	3340	0	9571	465	744	0	1857	502	709	0	1841	971	1887	0	5873
08:30:00	30600	1662	2901	0	8332	354	668	0	1543	439	625	0	1655	869	1608	0	5134
08:35:00	30900	1642	2867	0	7107	283	606	0	1220	442	725	0	1372	917	1536	0	4515
08:40:00	31200	1678	2659	0	6126	231	550	0	901	461	803	0	1030	986	1306	0	4195
08:45:00	31500	1448	2453	0	5121	218	522	0	597	566	517	0	1079	664	1414	0	3445
08:50:00	31800	1120	1961	0	4280	152	364	0	385	259	569	0	769	709	1028	0	3126
08:55:00	32100	1081	1802	0	3559	154	309	0	230	334	467	0	636	593	1026	0	2693
09:00:00	32400	1020	1490	0	3089	169	201	0	198	209	446	0	399	642	843	0	2492
09:05:00	32700	967	1278	0	2778	187	166	0	219	216	358	0	257	564	754	0	2302
09:10:00	33000	811	1155	0	2434	165	184	0	200	182	254	0	185	464	717	0	2049
09:15:00	33300	740	945	0	2229	202	165	0	237	182	173	0	194	356	607	0	1798
09:20:00	33600	714	847	0	2096	180	187	0	230	159	178	0	175	375	482	0	1691
09:25:00	33900	709	804	0	2001	155	170	0	215	192	165	0	202	362	469	0	1584
09:30:00	34200	713	755	0	1959	177	181	0	211	173	172	0	203	363	402	0	1545
09:35:00	34500	716	788	0	1887	160	178	0	193	204	175	0	232	352	435	0	1462
09:40:00	34800	709	738	0	1858	144	162	0	175	154	202	0	184	411	374	0	1499
09:45:00	35100	683	727	0	1814	157	131	0	201	181	181	0	184	345	415	0	1429
09:50:00	35400	708	705	0	1817	193	164	0	230	172	158	0	198	343	383	0	1389
09:55:00	35700	730	727	0	1820	182	184	0	228	173	175	0	196	375	368	0	1396
10:00:00	36000	780	776	0	1824	188	186	0	230	199	187	0	208	393	403	0	1386
10:05:00	36300	738	718	0	1844	170	168	0	232	177	194	0	191	391	356	0	1421
10:10:00	36600	807	768	0	1883	206	201	0	237	192	177	0	206	409	390	0	1440
10:15:00	36900	792	792	0	1883	175	209	0	203	215	188	0	233	402	395	0	1447
10:20:00	37200	790	728	0	1945	175	166	0	212	180	201	0	212	435	361	0	1521
10:25:00	37500	762	752	0	1955	164	154	0	222	204	203	0	213	394	395	0	1520
10:30:00	37800	774	768	0	1961	175	179	0	218	193	188	0	218	406	401	0	1525
10:35:00	38100	753	760	0	1954	164	174	0	208	197	207	0	208	392	379	0	1538
10:40:00	38400	790	791	0	1953	177	182	0	203	206	197	0	217	407	412	0	1533
10:45:00	38700	805	785	0	1973	187	172	0	218	210	193	0	234	408	420	0	1521
10:50:00	39000	745	781	0	1937	173	187	0	204	179	203	0	210	393	391	0	1523
10:55:00	39300	717	757	0	1897	157	165	0	196	200	177	0	233	360	415	0	1468
11:00:00	39600	778	759	0	1916	185	169	0	212	196	199	0	230	397	391	0	1474
11:05:00	39900	763	763	0	1916	174	179	0	207	168	194	0	204	421	390	0	1505
11:10:00	40200	740	728	0	1928	189	165	0	231	184	183	0	205	367	380	0	1492
11:15:00	40500	750	771	0	1907	158	178	0	211	195	195	0	205	397	398	0	1491
11:20:00	40800	731	733	0	1905	189	181	0	219	174	184	0	195	368	368	0	1491
11:25:00	41100	757	713	0	1949	165	172	0	212	181	170	0	206	411	371	0	1531
11:30:00	41400	729	752	0	1926	153	185	0	180	203	187	0	222	373	380	0	1524
11:35:00	41700	785	746	0	1965	156	152	0	184	195	209	0	208	434	385	0	1573
11:40:00	42000	777	775	0	1967	180	150	0	214	213	202	0	219	384	423	0	1534
11:45:00	42300	772	755	0	1984	165	160	0	219	209	194	0	234	398	401	0	1531
11:50:00	42600	789	817	0	1956	154	186	0	187	202	221	0	215	433	410	0	1554
11:55:00	42900	778	786	0	1948	171	165	0	193	231	188	0	258	376	433	0	1497
12:00:00	43200	771	780	0	1939	180	165	0	208	189	220	0	227	402	395	0	1504
12:05:00	43500	784	747	0	1976	198	169	0	237	176	202	0	201	410	376	0	1538
12:10:00	43800	710	775	0	1911	165	192	0	210	176	179	0	198	369	404	0	1503
12:15:00	44100	796	730	0	1977	209	172	0	247	188	178	0	208	399	380	0	1522
12:20:00	44400	751	773	0	1955	170	205	0	212	196	188	0	216	385	380	0	1527
12:25:00	44700	802	791	0	1966	194	173	0	233	214	193	0	237	394	425	0	1496
12:30:00	45000	803	762	0	2007	176	175	0	234	193	200	0	230	434	387	0	1543
12:35:00	45300	795	787	0	2015	192	190	0	236	195	210	0	215	408	387	0	1564
12:40:00	45600	762	776	0	2001	164	191	0	209	208	184	0	239	390	401	0	1553
12:45:00	45900	767	773	0	1995	164	174	0	199	203	213	0	229	400	386	0	1567
12:50:00	46200	763	749	0	2009	186	170	0	215	168	198	0	199	409	381	0	1595
12:55:00	46500	782	769	0	2022	193	173	0	235	214	178	0	235	375	418	0	1552
13:00:00	46800	770	805	0	1987	166	190	0	211	205	210	0	230	399	405	0	1546
13:05:00	47100	778	801	0	1964	150	176	0	185	216	198	0	248	412	427	0	1531
13:10:00	47400	760	730	0	1994	185	149	0	221	183	209	0	222	392	372	0	1551
13:15:00	47700	778	793	0	1979	175	175	0	221	184	201	0	205	419	417	0	1553
13:20:00	48000	778	740	0	2017	179	170	0	230	201	184	0	222	398	386	0	1565
13:25:00	48300	756	773	0	2000	159	168	0	221	195	198	0	219	402	407	0	1560
13:30:00	48600	767	780	0	1987	194	189	0	226	188	183	0	224	385	408	0	1537
13:35:00	48900	729	797	0	1919	171	199	0	198	194	192	0	226	364	406	0	1495
13:40:00	49200	773	755	0	1937	186	177	0	207	192	195	0	223	395	383	0	1507
13:45:00	49500	800	765	0	1972	180	166	0	221	200	200	0	223	420	399	0	1528
13:50:00	49800	767	752	0	1987	189	185	0	225	193	195	0	221	385	372	0	1541
13:55:00	50100	733	748	0	1972	176	165	0	236	190	180	0	231	367	403	0	1505
14:00:00	50400	782	768	0	1986	177	190	0	223	180	213	0	198	425	365	0	1565
14:05:00	50700	759	760	0	1985	187	184	0	226	191	175	0	214	381	401	0	1545
14:10:00	51000	720	757	0	1948	158	187	0	197	195	191	0	218	367	379	0	1533
14:15:00	51300	769	748	0	1969	170	163	0	204	203	193	0	228	396	392	0	1537
14:20:00	51600	777	790	0	1956	168	175	0	197	210	202	0	236	399	413	0	1523
14:25:00	51900	785	778	0	1963	190	159	0	228	194	211	0	219	401	408	0	1516
14:30:00	52200	717	756	0	1924	165	174	0	219	179	187	0	211	373	395	0	1494
14:35:00	52500	742	735	0	1931	153	166	0	206	186	192	0	205	403	377	0	1520
14:40:00	52800	755	737	0	1949	179	178	0	207	185	178	0	212	391	381	0	1530
14:45:00	53100	729	738	0	1940	181	171	0	217	177	188	0	201	371	379	0	1522
14:50:00	53400	726	733	0	1933	188	180	0	225	178	181	0	198	360	372	0	1510
14:55:00	53700	742	731	0	1944	199	187	0	237	180	172	0	206	363	372	0	1501
15:00:00	54000	779	759	0	1964	191	186	0	242	182	193	0	195	406	380	0	1527
15:05:00	54300	724	750	0	1938	163	184	0	221	189	182	0	202	372	384	0	1515
15:10:00	54600	727	762	0	1903	190	184	0	227	168	173	0	197	369	405	0	1479
15:15:00	54900	711	694	0	1920	149	168	0	208	179	175	0	201	383	351	0	1511
15:20:00	55200	783	785	0	1918	164	176	0	196	208	196	0	213	411	413	0	1509
15:25:00	55500	726	732	0	1912	174	169	0	201	194	175	0	232	358	388	0	1479
15:30:00	55800	744	696	0	1960	148	159	0	190	174	203	0	203	422	334	0	1567
15:35:00	56100	759	730	0	1989	173	151	0	212	200	180	0	223	386	399	0	1554
15:40:00	56400	799	748	0	2040	218	175	0	255	183	188	0	218	398	385	0	1567
15:45:00	56700	791	781	0	2050	208	210	0	253	188	198	0	208	395	373	0	1589
15:50:00	57000	802	804	0	2048	198	203	0	248	205	189	0	224	399	412	0	1576
15:55:00	57300	808	774	0	2082	204	218	0	234	185	183	0	226	419	373	0	1622
16:00:00	57600	846	758	0	2170	239	176	0	297	201	197	0	230	406	385	0	1643
16:05:00	57900	873	877	0	2166	219	251	0	265	211	205	0	236	443	421	0	1665
16:10:00	58200	924	856	0	2234	264	228	0	301	216	208	0	244	444	420	0	1689
16:15:00	58500	1045	885	0	2394	329	257	0	373	225	207	0	262	491	421	0	1759
16:20:00	58800	1063	995	0	2462	352	322	0	403	220	232	0	250	491	441	0	1809
16:25:00	59100	1258	1046	0	2674	456	353	0	506	228	237	0	241	574	456	0	1927
16:30:00	59400	1348	1165	0	2857	496	449	0	553	264	229	0	276	588	487	0	2028
16:35:00	59700	1578	1280	0	3155	625	517	0	661	296	235	0	337	657	528	0	2157
16:40:00	60000	1704	1429	0	3430	684	592	0	753	300	308	0	329	720	529	0	2348
16:45:00	60300	1827	1566	0	3691	737	695	0	795	325	295	0	359	765	576	0	2537
16:50:00	60600	2041	1672	0	4060	821	717	0	899	353	307	0	405	867	648	0	2756
16:55:00	60900	2427	1903	0	4584	963	801	0	1061	421	367	0	459	1043	735	0	3064
17:00:00	61200	2979	2123	0	5440	1287	965	0	1383	426	393	0	492	1266	765	0	3565
17:05:00	61500	3799	2527	0	6712	1688	1227	0	1844	538	437	0	593	1573	863	0	4275
17:10:00	61800	4634	2888	0	8458	2070	1487	0	2427	636	408	0	821	1928	993	0	5210
17:15:00	62100	5906	3542	0	10822	2647	1764	0	3310	815	533	0	1103	2444	1245	0	6409
17:20:00	62400	6823	3909	0	13736	3032	1948	0	4394	944	540	0	1507	2847	1421	0	7835
17:25:00	62700	7652	4582	0	16806	3313	2130	0	5577	1263	617	0	2153	3076	1835	0	9076
17:30:00	63000	7999	4900	0	19905	3362	2191	0	6748	1387	732	0	2808	3250	1977	0	10349
17:35:00	63300	7848	5411	0	22342	3082	2286	0	7544	1608	819	0	3597	3158	2306	0	11201
17:40:00	63600	7189	5625	0	23906	2620	2188	0	7976	1538	1059	0	4076	3031	2378	0	11854
17:45:00	63900	6347	5659	0	24594	2125	2058	0	8043	1607	1053	0	4630	2615	2548	0	11921
17:50:00	64200	5414	5620	0	24388	1623	1941	0	7725	1449	1139	0	4940	2342	2540	0	11723
17:55:00	64500	4318	5219	0	23487	1261	1842	0	7144	1283	890	0	5333	1774	2487	0	11010
18:00:00	64800	3515	5064	0	21938	1005	1905	0	6244	1013	830	0	5516	1497	2329	0	10178
18:05:00	65100	3498	5316	0	20120	875	1897	0	5222	927	1156	0	5287	1696	2263	0	9611
18:10:00	65400	3416	5202	0	18334	728	1568	0	4382	686	1537	0	4436	2002	2097	0	9516
18:15:00	65700	2984	4666	0	16652	675	1351	0	3706	906	948	0	4394	1403	2367	0	8552
18:20:00	66000	2987	4581	0	15058	573	1067	0	3212	706	1254	0	3846	1708	2260	0	8000
18:25:00	66300	2570	4017	0	13611	530	842	0	2900	601	1060	0	3387	1439	2115	0	7324
18:30:00	66600	1838	3060	0	12389	443	646	0	2697	453	643	0	3197	942	1771	0	6495
18:35:00	66900	1637	2864	0	11162	368	625	0	2440	376	587	0	2986	893	1652	0	5736
18:40:00	67200	1514	2620	0	10056	316	581	0	2175	350	576	0	2760	848	1463	0	5121
18:45:00	67500	1391	2416	0	9031	253	534	0	1894	358	540	0	2578	780	1342	0	4559
18:50:00	67800	1307	2198	0	8140	212	491	0	1615	283	585	0	2276	812	1122	0	4249
18:55:00	68100	1315	2108	0	7347	226	456	0	1385	308	564	0	2020	781	1088	0	3942
19:00:00	68400	1334	2163	0	6518	188	453	0	1120	275	665	0	1630	871	1045	0	3768
19:05:00	68700	1260	2010	0	5768	190	439	0	871	240	615	0	1255	830	956	0	3642
19:10:00	69000	1273	1956	0	5085	189	433	0	627	232	640	0	847	852	883	0	3611
19:15:00	69300	1190	1832	0	4443	172	401	0	398	311	471	0	687	707	960	0	3358
19:20:00	69600	1273	1780	0	3936	168	312	0	254	257	645	0	299	848	823	0	3383
19:25:00	69900	905	1362	0	3479	153	192	0	215	276	278	0	297	476	892	0	2967
19:30:00	70200	824	1137	0	3166	169	171	0	213	175	278	0	194	480	688	0	2759
19:35:00	70500	738	1046	0	2858	138	160	0	191	213	177	0	230	387	709	0	2437
19:40:00	70800	734	935	0	2657	162	162	0	191	179	196	0	213	393	577	0	2253
19:45:00	71100	625	911	0	2371	98	155	0	134	204	204	0	213	323	552	0	2024
19:50:00	71400	582	824	0	2129	88	105	0	117	201	186	0	228	293	533	0	1784
19:55:00	71700	593	768	0	1954	94	94	0	117	166	213	0	181	333	461	0	1656
20:00:00	72000	554	726	0	1782	105	92	0	130	178	163	0	196	271	471	0	1456
20:05:00	72300	514	651	0	1645	93	101	0	122	141	170	0	167	280	380	0	1356
20:10:00	72600	520	653	0	1512	98	95	0	125	158	152	0	173	264	406	0	1214
20:15:00	72900	452	560	0	1404	83	102	0	106	118	142	0	149	251	316	0	1149
20:20:00	73200	449	533	0	1320	89	84	0	111	122	140	0	131	238	309	0	1078
20:25:00	73500	452	480	0	1292	91	86	0	116	110	130	0	111	251	264	0	1065
20:30:00	73800	418	480	0	1230	85	98	0	103	124	103	0	132	209	279	0	995
20:35:00	74100	391	468	0	1153	77	96	0	84	104	120	0	116	210	252	0	953
20:40:00	74400	388	423	0	1118	84	68	0	100	100	105	0	111	204	250	0	907
20:45:00	74700	376	416	0	1078	77	80	0	97	110	107	0	114	189	229	0	867
20:50:00	75000	363	382	0	1059	72	73	0	96	87	100	0	101	204	209	0	862
20:55:00	75300	354	407	0	1006	73	76	0	93	99	93	0	107	182	238	0	806
21:00:00	75600	201	350	0	857	12	71	0	34	72	85	0	94	117	194	0	729
21:05:00	75900	176	250	0	783	11	27	0	18	65	79	0	80	100	144	0	685
21:10:00	76200	147	243	0	687	20	18	0	20	49	64	0	65	78	161	0	602
21:15:00	76500	146	213	0	620	22	20	0	22	44	61	0	48	80	132	0	550
21:20:00	76800	96	191	0	525	3	18	0	7	40	45	0	43	53	128	0	475
21:25:00	77100	74	148	0	451	11	8	0	10	19	30	0	32	44	110	0	409
21:30:00	77400	69	125	0	395	4	10	0	4	18	32	0	18	47	83	0	373
21:35:00	77700	50	109	0	336	4	4	0	4	20	21	0	17	26	84	0	315
21:40:00	78000	42	74	0	304	4	5	0	3	13	13	0	17	25	56	0	284
21:45:00	78300	35	79	0	260	5	3	0	5	11	14	0	14	19	62	0	241
21:50:00	78600	27	59	0	228	4	4	0	5	8	14	0	8	15	41	0	215
21:55:00	78900	20	50	0	198	0	5	0	0	11	6	0	13	9	39	0	185
22:00:00	79200	16	44	0	170	2	0	0	2	6	8	0	11	8	36	0	157
22:05:00	79500	15	37	0	148	1	1	0	2	4	9	0	6	10	27	0	140
22:10:00	79800	10	25	0	133	0	1	0	1	3	5	0	4	7	19	0	128
22:15:00	80100	9	21	0	121	1	1	0	1	1	4	0	1	7	16	0	119
22:20:00	80400	3	17	0	107	0	1	0	0	3	0	0	4	0	16	0	103
22:25:00	80700	5	16	0	96	0	0	0	0	1	4	0	1	4	12	0	95
22:30:00	81000	5	14	0	87	0	0	0	0	2	1	0	2	3	13	0	85
22:35:00	81300	3	8	0	82	0	0	0	0	1	2	0	1	2	6	0	81
22:40:00	81600	2	8	0	76	0	0	0	0	0	1	0	0	2	7	0	76
22:45:00	81900	0	10	0	66	0	0	0	0	0	0	0	0	0	10	0	66
22:50:00	82200	1	11	0	56	0	0	0	0	0	0	0	0	1	11	0	56
22:55:00	82500	0	7	0	49	0	0	0	0	0	0	0	0	0	7	0	49
23:00:00	82800	0	2	0	47	0	0	0	0	0	0	0	0	0	2	0	47
23:05:00	83100	0	4	0	43	0	0	0	0	0	0	0	0	0	4	0	43
23:10:00	83400	0	3	0	40	0	0	0	0	0	0	0	0	0	3	0	40
23:15:00	83700	0	5	0	35	0	0	0	0	0	0	0	0	0	5	0	35
23:20:00	84000	0	3	0	32	0	0	0	0	0	0	0	0	0	3	0	32
23:25:00	84300	0	1	0	31	0	0	0	0	0	0	0	0	0	1	0	31
23:30:00	84600	0	3	0	28	0	0	0	0	0	0	0	0	0	3	0	28
23:35:00	84900	0	1	0	27	0	0	0	0	0	0	0	0	0	1	0	27
23:40:00	85200	1	3	0	25	0	0	0	0	0	0	0	0	1	3	0	25
23:45:00	85500	0	7	0	18	0	0	0	0	0	0	0	0	0	7	0	18
23:50:00	85800	0	0	0	18	0	0	0	0	0	0	0	0	0	0	0	18
23:55:00	86100	0	0	0	18	0	0	0	0	0	0	0	0	0	0	0	18
24:00:00	86400	0	1	0	17	0	0	0	0	0	0	0	0	0	1	0	17
24:05:00	86700	0	1	0	16	0	0	0	0	0	0	0	0	0	1	0	16
24:10:00	87000	0	0	0	16	0	0	0	0	0	0	0	0	0	0	0	16
24:15:00	87300	0	1	0	15	0	0	0	0	0	0	0	0	0	1	0	15
24:20:00	87600	0	1	0	14	0	0	0	0	0	0	0	0	0	1	0	14
24:25:00	87900	0	2	0	12	0	0	0	0	0	0	0	0	0	2	0	12
24:30:00	88200	0	1	0	11	0	0	0	0	0	0	0	0	0	1	0	11
24:35:00	88500	0	0	0	11	0	0	0	0	0	0	0	0	0	0	0	11
24:40:00	88800	0	1	0	10	0	0	0	0	0	0	0	0	0	1	0	10
24:45:00	89100	0	0	0	10	0	0	0	0	0	0	0	0	0	0	0	10
24:50:00	89400	0	0	0	10	0	0	0	0	0	0	0	0	0	0	0	10
24:55:00	89700	0	0	0	10	0	0	0	0	0	0	0	0	0	0	0	10
25:00:00	90000	0	0	0	10	0	0	0	0	0	0	0	0	0	0	0	10
25:05:00	90300	0	0	0	10	0	0	0	0	0	0	0	0	0	0	0	10
25:10:00	90600	0	0	0	10	0	0	0	0	0	0	0	0	0	0	0	10
25:15:00	90900	0	1	0	9	0	0	0	0	0	0	0	0	0	1	0	9
25:20:00	91200	0	1	0	8	0	0	0	0	0	0	0	0	0	1	0	8
25:25:00	91500	0	0	0	8	0	0	0	0	0	0	0	0	0	0	0	8
25:30:00	91800	0	0	0	8	0	0	0	0	0	0	0	0	0	0	0	8
25:35:00	92100	0	0	0	8	0	0	0	0	0	0	0	0	0	0	0	8
25:40:00	92400	0	0	0	8	0	0	0	0	0	0	0	0	0	0	0	8
25:45:00	92700	0	0	0	8	0	0	0	0	0	0	0	0	0	0	0	8
25:50:00	93000	0	4	0	4	0	0	0	0	0	0	0	0	0	4	0	4
25:55:00	93300	0	1	0	3	0	0	0	0	0	0	0	0	0	1	0	3
26:00:00	93600	0	2	0	1	0	0	0	0	0	0	0	0	0	2	0	1
26:05:00	93900	0	0	0	1	0	0	0	0	0	0	0	0	0	0	0	1
26:10:00	94200	0	0	0	1	0	0	0	0	0	0	0	0	0	0	0	1
26:15:00	94500	0	0	0	1	0	0	0	0	0	0	0	0	0	0	0	1
26:20:00	94800	0	0	0	1	0	0	0	0	0	0	0	0	0	0	0	1
26:25:00	95100	0	0	0	1	0	0	0	0	0	0	0	0	0	0	0	1
26:30:00	95400	0	0	0	1	0	0	0	0	0	0	0	0	0	0	0	1
26:35:00	95700	0	0	0	1	0	0	0	0	0	0	0	0	0	0	0	1
26:40:00	96000	0	0	0	1	0	0	0	0	0	0	0	0	0	0	0	1
26:45:00	96300	0	0	0	1	0	0	0	0	0	0	0	0	0	0	0	1
26:50:00	96600	0	0	0	1	0	0	0	0	0	0	0	0	0	0	0	1
26:55:00	96900	0	0	0	1	0	0	0	0	0	0	0	0	0	0	0	1
27:00:00	97200	0	0	0	1	0	0	0	0	0	0	0	0	0	0	0	1
27:05:00	97500	0	0	0	1	0	0	0	0	0	0	0	0	0	0	0	1
27:10:00	97800	0	0	0	1	0	0	0	0	0	0	0	0	0	0	0	1
27:15:00	98100	0	1	0	0	0	0	0	0	0	0	0	0	0	1	0	0
27:20:00	98400	0	0	0	0	0	0	0	0	0	0	0	0	0	0	0	0
27:25:00	98700	0	0	0	0	0	0	0	0	0	0	0	0	0	0	0	0
27:30:00	99000	0	0	0	0	0	0	0	0	0	0	0	0	0	0	0	0
27:35:00	99300	0	0	0	0	0	0	0	0	0	0	0	0	0	0	0	0
27:40:00	99600	0	0	0	0	0	0	0	0	0	0	0	0	0	0	0	0
27:45:00	99900	0	0	0	0	0	0	0	0	0	0	0	0	0	0	0	0
27:50:00	100200	0	0	0	0	0	0	0	0	0	0	0	0	0	0	0	0
27:55:00	100500	0	0	0	0	0	0	0	0	0	0	0	0	0	0	0	0
28:00:00	100800	0	0	0	0	0	0	0	0	0	0	0	0	0	0	0	0
28:05:00	101100	0	0	0	0	0	0	0	0	0	0	0	0	0	0	0	0
28:10:00	101400	0	0	0	0	0	0	0	0	0	0	0	0	0	0	0	0
28:15:00	101700	0	0	0	0	0	0	0	0	0	0	0	0	0	0	0	0
28:20:00	102000	0	0	0	0	0	0	0	0	0	0	0	0	0	0	0	0
28:25:00	102300	0	0	0	0	0	0	0	0	0	0	0	0	0	0	0	0
28:30:00	102600	0	0	0	0	0	0	0	0	0	0	0	0	0	0	0	0
28:35:00	102900	0	0	0	0	0	0	0	0	0	0	0	0	0	0	0	0
28:40:00	103200	0	0	0	0	0	0	0	0	0	0	0	0	0	0	0	0
28:45:00	103500	0	0	0	0	0	0	0	0	0	0	0	0	0	0	0	0
28:50:00	103800	0	0	0	0	0	0	0	0	0	0	0	0	0	0	0	0
28:55:00	104100	0	0	0	0	0	0	0	0	0	0	0	0	0	0	0	0
29:00:00	104400	0	0	0	0	0	0	0	0	0	0	0	0	0	0	0	0
29:05:00	104700	0	0	0	0	0	0	0	0	0	0	0	0	0	0	0	0
29:10:00	105000	0	0	0	0	0	0	0	0	0	0	0	0	0	0	0	0
29:15:00	105300	0	0	0	0	0	0	0	0	0	0	0	0	0	0	0	0
29:20:00	105600	0	0	0	0	0	0	0	0	0	0	0	0	0	0	0	0
29:25:00	105900	0	0	0	0	0	0	0	0	0	0	0	0	0	0	0	0
29:30:00	106200	0	0	0	0	0	0	0	0	0	0	0	0	0	0	0	0
29:35:00	106500	0	0	0	0	0	0	0	0	0	0	0	0	0	0	0	0
29:40:00	106800	0	0	0	0	0	0	0	0	0	0	0	0	0	0	0	0
29:45:00	107100	0	0	0	0	0	0	0	0	0	0	0	0	0	0	0	0
29:50:00	107400	0	0	0	0	0	0	0	0	0	0	0	0	0	0	0	0
29:55:00	107700	0	0	0	0	0	0	0	0	0	0	0	0	0	0	0	0
30:00:00	108000	0	0	0	0	0	0	0	0	0	0	0	0	0	0	0	0
30:05:00	108300	0	0	0	0	0	0	0	0	0	0	0	0	0	0	0	0
