time	time	departures_all	arrivals_all	stuck_all	en-route_all	departures_car	arrivals_car	stuck_car	en-route_car	departures_pt	arrivals_pt	stuck_pt	en-route_pt	departures_walk	arrivals_walk	stuck_walk	en-route_walk
00:00:00	0	0	0	0	0	0	0	0	0	0	0	0	0	0	0	0	0
00:05:00	300	0	0	0	0	0	0	0	0	0	0	0	0	0	0	0	0
00:10:00	600	0	0	0	0	0	0	0	0	0	0	0	0	0	0	0	0
00:15:00	900	0	0	0	0	0	0	0	0	0	0	0	0	0	0	0	0
00:20:00	1200	0	0	0	0	0	0	0	0	0	0	0	0	0	0	0	0
00:25:00	1500	0	0	0	0	0	0	0	0	0	0	0	0	0	0	0	0
00:30:00	1800	0	0	0	0	0	0	0	0	0	0	0	0	0	0	0	0
00:35:00	2100	0	0	0	0	0	0	0	0	0	0	0	0	0	0	0	0
00:40:00	2400	0	0	0	0	0	0	0	0	0	0	0	0	0	0	0	0
00:45:00	2700	0	0	0	0	0	0	0	0	0	0	0	0	0	0	0	0
00:50:00	3000	0	0	0	0	0	0	0	0	0	0	0	0	0	0	0	0
00:55:00	3300	0	0	0	0	0	0	0	0	0	0	0	0	0	0	0	0
01:00:00	3600	0	0	0	0	0	0	0	0	0	0	0	0	0	0	0	0
01:05:00	3900	0	0	0	0	0	0	0	0	0	0	0	0	0	0	0	0
01:10:00	4200	0	0	0	0	0	0	0	0	0	0	0	0	0	0	0	0
01:15:00	4500	0	0	0	0	0	0	0	0	0	0	0	0	0	0	0	0
01:20:00	4800	0	0	0	0	0	0	0	0	0	0	0	0	0	0	0	0
01:25:00	5100	0	0	0	0	0	0	0	0	0	0	0	0	0	0	0	0
01:30:00	5400	0	0	0	0	0	0	0	0	0	0	0	0	0	0	0	0
01:35:00	5700	0	0	0	0	0	0	0	0	0	0	0	0	0	0	0	0
01:40:00	6000	0	0	0	0	0	0	0	0	0	0	0	0	0	0	0	0
01:45:00	6300	0	0	0	0	0	0	0	0	0	0	0	0	0	0	0	0
01:50:00	6600	0	0	0	0	0	0	0	0	0	0	0	0	0	0	0	0
01:55:00	6900	0	0	0	0	0	0	0	0	0	0	0	0	0	0	0	0
02:00:00	7200	0	0	0	0	0	0	0	0	0	0	0	0	0	0	0	0
02:05:00	7500	0	0	0	0	0	0	0	0	0	0	0	0	0	0	0	0
02:10:00	7800	0	0	0	0	0	0	0	0	0	0	0	0	0	0	0	0
02:15:00	8100	0	0	0	0	0	0	0	0	0	0	0	0	0	0	0	0
02:20:00	8400	0	0	0	0	0	0	0	0	0	0	0	0	0	0	0	0
02:25:00	8700	0	0	0	0	0	0	0	0	0	0	0	0	0	0	0	0
02:30:00	9000	0	0	0	0	0	0	0	0	0	0	0	0	0	0	0	0
02:35:00	9300	0	0	0	0	0	0	0	0	0	0	0	0	0	0	0	0
02:40:00	9600	0	0	0	0	0	0	0	0	0	0	0	0	0	0	0	0
02:45:00	9900	0	0	0	0	0	0	0	0	0	0	0	0	0	0	0	0
02:50:00	10200	0	0	0	0	0	0	0	0	0	0	0	0	0	0	0	0
02:55:00	10500	0	0	0	0	0	0	0	0	0	0	0	0	0	0	0	0
03:00:00	10800	0	0	0	0	0	0	0	0	0	0	0	0	0	0	0	0
03:05:00	11100	0	0	0	0	0	0	0	0	0	0	0	0	0	0	0	0
03:10:00	11400	0	0	0	0	0	0	0	0	0	0	0	0	0	0	0	0
03:15:00	11700	0	0	0	0	0	0	0	0	0	0	0	0	0	0	0	0
03:20:00	12000	0	0	0	0	0	0	0	0	0	0	0	0	0	0	0	0
03:25:00	12300	0	0	0	0	0	0	0	0	0	0	0	0	0	0	0	0
03:30:00	12600	0	0	0	0	0	0	0	0	0	0	0	0	0	0	0	0
03:35:00	12900	0	0	0	0	0	0	0	0	0	0	0	0	0	0	0	0
03:40:00	13200	0	0	0	0	0	0	0	0	0	0	0	0	0	0	0	0
03:45:00	13500	0	0	0	0	0	0	0	0	0	0	0	0	0	0	0	0
03:50:00	13800	0	0	0	0	0	0	0	0	0	0	0	0	0	0	0	0
03:55:00	14100	0	0	0	0	0	0	0	0	0	0	0	0	0	0	0	0
04:00:00	14400	0	0	0	0	0	0	0	0	0	0	0	0	0	0	0	0
04:05:00	14700	0	0	0	0	0	0	0	0	0	0	0	0	0	0	0	0
04:10:00	15000	0	0	0	0	0	0	0	0	0	0	0	0	0	0	0	0
04:15:00	15300	0	0	0	0	0	0	0	0	0	0	0	0	0	0	0	0
04:20:00	15600	0	0	0	0	0	0	0	0	0	0	0	0	0	0	0	0
04:25:00	15900	0	0	0	0	0	0	0	0	0	0	0	0	0	0	0	0
04:30:00	16200	1	0	0	1	1	0	0	1	0	0	0	0	0	0	0	0
04:35:00	16500	0	1	0	0	0	1	0	0	0	0	0	0	0	0	0	0
04:40:00	16800	0	0	0	0	0	0	0	0	0	0	0	0	0	0	0	0
04:45:00	17100	0	0	0	0	0	0	0	0	0	0	0	0	0	0	0	0
04:50:00	17400	0	0	0	0	0	0	0	0	0	0	0	0	0	0	0	0
04:55:00	17700	1	0	0	1	1	0	0	1	0	0	0	0	0	0	0	0
05:00:00	18000	0	1	0	0	0	1	0	0	0	0	0	0	0	0	0	0
05:05:00	18300	0	0	0	0	0	0	0	0	0	0	0	0	0	0	0	0
05:10:00	18600	0	0	0	0	0	0	0	0	0	0	0	0	0	0	0	0
05:15:00	18900	5	0	0	5	4	0	0	4	0	0	0	0	1	0	0	1
05:20:00	19200	5	2	0	8	5	2	0	7	0	0	0	0	0	0	0	1
05:25:00	19500	13	11	0	10	9	10	0	6	1	0	0	1	3	1	0	3
05:30:00	19800	12	6	0	16	11	6	0	11	0	0	0	1	1	0	0	4
05:35:00	20100	19	10	0	25	15	10	0	16	0	0	0	1	4	0	0	8
05:40:00	20400	23	15	0	33	13	12	0	17	3	0	0	4	7	3	0	12
05:45:00	20700	39	15	0	57	28	14	0	31	1	0	0	5	10	1	0	21
05:50:00	21000	45	31	0	71	33	30	0	34	1	0	0	6	11	1	0	31
05:55:00	21300	65	39	0	97	47	34	0	47	5	0	0	11	13	5	0	39
06:00:00	21600	80	68	0	109	46	48	0	45	9	8	0	12	25	12	0	52
06:05:00	21900	120	60	0	169	79	44	0	80	2	11	0	3	39	5	0	86
06:10:00	22200	189	98	0	260	121	77	0	124	14	5	0	12	54	16	0	124
06:15:00	22500	280	150	0	390	186	117	0	193	11	13	0	10	83	20	0	187
06:20:00	22800	383	200	0	573	265	157	0	301	19	10	0	19	99	33	0	253
06:25:00	23100	477	340	0	710	295	279	0	317	25	20	0	24	157	41	0	369
06:30:00	23400	652	393	0	969	421	319	0	419	35	26	0	33	196	48	0	517
06:35:00	23700	773	468	0	1274	501	358	0	562	49	34	0	48	223	76	0	664
06:40:00	24000	944	675	0	1543	591	519	0	634	64	52	0	60	289	104	0	849
06:45:00	24300	1085	761	0	1867	636	580	0	690	73	63	0	70	376	118	0	1107
06:50:00	24600	1342	914	0	2295	784	647	0	827	110	80	0	100	448	187	0	1368
06:55:00	24900	1603	1046	0	2852	946	751	0	1022	120	108	0	112	537	187	0	1718
07:00:00	25200	2041	1319	0	3574	1225	944	0	1303	138	116	0	134	678	259	0	2137
07:05:00	25500	2737	1681	0	4630	1647	1226	0	1724	182	140	0	176	908	315	0	2730
07:10:00	25800	3518	2158	0	5990	2127	1581	0	2270	227	166	0	237	1164	411	0	3483
07:15:00	26100	4446	2562	0	7874	2603	1858	0	3015	266	232	0	271	1577	472	0	4588
07:20:00	26400	5372	2965	0	10281	3144	2107	0	4052	352	241	0	382	1876	617	0	5847
07:25:00	26700	5851	3134	0	12998	3412	2157	0	5307	404	290	0	496	2035	687	0	7195
07:30:00	27000	6010	3446	0	15562	3378	2207	0	6478	536	289	0	743	2096	950	0	8341
07:35:00	27300	5883	3692	0	17753	3204	2190	0	7492	579	453	0	869	2100	1049	0	9392
07:40:00	27600	5119	4026	0	18846	2661	2283	0	7870	640	454	0	1055	1818	1289	0	9921
07:45:00	27900	4575	4095	0	19326	2252	2178	0	7944	638	569	0	1124	1685	1348	0	10258
07:50:00	28200	3692	3984	0	19034	1692	2023	0	7613	641	465	0	1300	1359	1496	0	10121
07:55:00	28500	3184	4013	0	18205	1335	1855	0	7093	564	620	0	1244	1285	1538	0	9868
08:00:00	28800	2691	3866	0	17030	1125	1728	0	6490	528	539	0	1233	1038	1599	0	9307
08:05:00	29100	2157	3646	0	15541	844	1637	0	5697	433	474	0	1192	880	1535	0	8652
08:10:00	29400	2102	3518	0	14125	784	1483	0	4998	424	489	0	1127	894	1546	0	8000
08:15:00	29700	1799	3440	0	12484	649	1453	0	4194	362	474	0	1015	788	1513	0	7275
08:20:00	30000	1658	3275	0	10867	586	1398	0	3382	341	425	0	931	731	1452	0	6554
08:25:00	30300	1524	2943	0	9448	527	1112	0	2797	314	451	0	794	683	1380	0	5857
08:30:00	30600	1196	2409	0	8235	411	867	0	2341	241	298	0	737	544	1244	0	5157
08:35:00	30900	1068	2079	0	7224	338	655	0	2024	229	287	0	679	501	1137	0	4521
08:40:00	31200	900	1812	0	6312	280	592	0	1712	178	284	0	573	442	936	0	4027
08:45:00	31500	823	1714	0	5421	252	553	0	1411	200	234	0	539	371	927	0	3471
08:50:00	31800	747	1651	0	4517	180	559	0	1032	152	303	0	388	415	789	0	3097
08:55:00	32100	790	1533	0	3774	167	508	0	691	213	286	0	315	410	739	0	2768
09:00:00	32400	860	1356	0	3278	236	409	0	518	211	239	0	287	413	708	0	2473
09:05:00	32700	770	1187	0	2861	209	352	0	375	172	206	0	253	389	629	0	2233
09:10:00	33000	696	1044	0	2513	201	329	0	247	111	205	0	159	384	510	0	2107
09:15:00	33300	693	834	0	2372	238	206	0	279	129	165	0	123	326	463	0	1970
09:20:00	33600	605	799	0	2178	196	219	0	256	105	120	0	108	304	460	0	1814
09:25:00	33900	617	705	0	2090	191	195	0	252	124	114	0	118	302	396	0	1720
09:30:00	34200	591	677	0	2004	189	199	0	242	101	111	0	108	301	367	0	1654
09:35:00	34500	545	630	0	1919	178	203	0	217	108	95	0	121	259	332	0	1581
09:40:00	34800	568	589	0	1898	191	193	0	215	86	114	0	93	291	282	0	1590
09:45:00	35100	557	575	0	1880	189	173	0	231	116	91	0	118	252	311	0	1531
09:50:00	35400	603	621	0	1862	218	209	0	240	115	108	0	125	270	304	0	1497
09:55:00	35700	577	602	0	1837	196	204	0	232	98	113	0	110	283	285	0	1495
10:00:00	36000	602	598	0	1841	190	203	0	219	112	100	0	122	300	295	0	1500
10:05:00	36300	569	542	0	1868	192	174	0	237	99	111	0	110	278	257	0	1521
10:10:00	36600	603	558	0	1913	209	204	0	242	92	95	0	107	302	259	0	1564
10:15:00	36900	575	580	0	1908	190	208	0	224	106	97	0	116	279	275	0	1568
10:20:00	37200	603	575	0	1936	200	175	0	249	103	109	0	110	300	291	0	1577
10:25:00	37500	587	579	0	1944	197	199	0	247	119	112	0	117	271	268	0	1580
10:30:00	37800	569	596	0	1917	184	212	0	219	105	103	0	119	280	281	0	1579
10:35:00	38100	591	583	0	1925	188	182	0	225	119	110	0	128	284	291	0	1572
10:40:00	38400	596	589	0	1932	199	193	0	231	113	121	0	120	284	275	0	1581
10:45:00	38700	603	612	0	1923	204	201	0	234	101	119	0	102	298	292	0	1587
10:50:00	39000	575	587	0	1911	195	199	0	230	117	90	0	129	263	298	0	1552
10:55:00	39300	587	583	0	1915	206	197	0	239	105	108	0	126	276	278	0	1550
11:00:00	39600	610	594	0	1931	193	194	0	238	108	120	0	114	309	280	0	1579
11:05:00	39900	614	631	0	1914	204	213	0	229	118	106	0	126	292	312	0	1559
11:10:00	40200	605	572	0	1947	211	185	0	255	107	117	0	116	287	270	0	1576
11:15:00	40500	578	573	0	1952	181	201	0	235	106	105	0	117	291	267	0	1600
11:20:00	40800	596	577	0	1971	203	192	0	246	113	111	0	119	280	274	0	1606
11:25:00	41100	618	599	0	1990	195	202	0	239	120	110	0	129	303	287	0	1622
11:30:00	41400	613	623	0	1980	198	212	0	225	126	124	0	131	289	287	0	1624
11:35:00	41700	640	635	0	1985	197	191	0	231	134	124	0	141	309	320	0	1613
11:40:00	42000	645	616	0	2014	230	202	0	259	125	126	0	140	290	288	0	1615
11:45:00	42300	595	630	0	1979	180	213	0	226	111	132	0	119	304	285	0	1634
11:50:00	42600	582	573	0	1988	170	179	0	217	101	108	0	112	311	286	0	1659
11:55:00	42900	557	574	0	1971	177	182	0	212	107	96	0	123	273	296	0	1636
12:00:00	43200	601	614	0	1958	182	192	0	202	123	126	0	120	296	296	0	1636
12:05:00	43500	654	601	0	2011	239	177	0	264	129	102	0	147	286	322	0	1600
12:10:00	43800	602	619	0	1994	200	214	0	250	98	135	0	110	304	270	0	1634
12:15:00	44100	624	601	0	2017	212	221	0	241	116	103	0	123	296	277	0	1653
12:20:00	44400	592	598	0	2011	195	210	0	226	102	109	0	116	295	279	0	1669
12:25:00	44700	591	620	0	1982	210	191	0	245	117	110	0	123	264	319	0	1614
12:30:00	45000	588	549	0	2021	199	181	0	263	103	104	0	122	286	264	0	1636
12:35:00	45300	597	592	0	2026	198	216	0	245	107	113	0	116	292	263	0	1665
12:40:00	45600	589	591	0	2024	216	203	0	258	112	103	0	125	261	285	0	1641
12:45:00	45900	563	582	0	2005	191	210	0	239	96	119	0	102	276	253	0	1664
12:50:00	46200	625	623	0	2007	229	219	0	249	100	99	0	103	296	305	0	1655
12:55:00	46500	609	590	0	2026	222	205	0	266	108	96	0	115	279	289	0	1645
13:00:00	46800	576	593	0	2009	179	201	0	244	105	114	0	106	292	278	0	1659
13:05:00	47100	619	602	0	2026	189	206	0	227	109	104	0	111	321	292	0	1688
13:10:00	47400	596	599	0	2023	209	201	0	235	113	99	0	125	274	299	0	1663
13:15:00	47700	557	567	0	2013	182	199	0	218	99	110	0	114	276	258	0	1681
13:20:00	48000	628	572	0	2069	236	187	0	267	107	111	0	110	285	274	0	1692
13:25:00	48300	592	616	0	2045	195	212	0	250	111	106	0	115	286	298	0	1680
13:30:00	48600	595	606	0	2034	214	211	0	253	117	97	0	135	264	298	0	1646
13:35:00	48900	559	616	0	1977	164	215	0	202	108	119	0	124	287	282	0	1651
13:40:00	49200	584	557	0	2004	205	169	0	238	104	96	0	132	275	292	0	1634
13:45:00	49500	626	602	0	2028	194	182	0	250	129	118	0	143	303	302	0	1635
13:50:00	49800	565	589	0	2004	207	205	0	252	85	126	0	102	273	258	0	1650
13:55:00	50100	602	589	0	2017	228	200	0	280	108	101	0	109	266	288	0	1628
14:00:00	50400	547	608	0	1956	182	237	0	225	86	96	0	99	279	275	0	1632
14:05:00	50700	586	538	0	2004	216	180	0	261	109	89	0	119	261	269	0	1624
14:10:00	51000	565	594	0	1975	186	207	0	240	110	108	0	121	269	279	0	1614
14:15:00	51300	565	572	0	1968	187	197	0	230	92	108	0	105	286	267	0	1633
14:20:00	51600	576	592	0	1952	174	188	0	216	114	100	0	119	288	304	0	1617
14:25:00	51900	593	577	0	1968	218	180	0	254	104	104	0	119	271	293	0	1595
14:30:00	52200	580	609	0	1939	190	203	0	241	103	111	0	111	287	295	0	1587
14:35:00	52500	583	567	0	1955	205	194	0	252	97	103	0	105	281	270	0	1598
14:40:00	52800	581	565	0	1971	207	224	0	235	98	92	0	111	276	249	0	1625
14:45:00	53100	576	571	0	1976	195	197	0	233	109	97	0	123	272	277	0	1620
14:50:00	53400	593	587	0	1982	187	199	0	221	107	117	0	113	299	271	0	1648
14:55:00	53700	605	586	0	2001	200	197	0	224	111	119	0	105	294	270	0	1672
15:00:00	54000	598	603	0	1996	212	193	0	243	124	103	0	126	262	307	0	1627
15:05:00	54300	560	583	0	1973	197	192	0	248	103	112	0	117	260	279	0	1608
15:10:00	54600	609	589	0	1993	208	199	0	257	95	105	0	107	306	285	0	1629
15:15:00	54900	566	575	0	1984	192	209	0	240	105	92	0	120	269	274	0	1624
15:20:00	55200	598	595	0	1987	189	199	0	230	102	112	0	110	307	284	0	1647
15:25:00	55500	604	612	0	1979	215	213	0	232	117	110	0	117	272	289	0	1630
15:30:00	55800	580	578	0	1981	203	191	0	244	112	106	0	123	265	281	0	1614
15:35:00	56100	599	576	0	2004	198	195	0	247	99	102	0	120	302	279	0	1637
15:40:00	56400	641	587	0	2058	234	200	0	281	113	106	0	127	294	281	0	1650
15:45:00	56700	633	617	0	2074	236	251	0	266	98	109	0	116	299	257	0	1692
15:50:00	57000	623	630	0	2067	208	225	0	249	106	112	0	110	309	293	0	1708
15:55:00	57300	672	605	0	2134	239	211	0	277	121	108	0	123	312	286	0	1734
16:00:00	57600	703	640	0	2197	265	229	0	313	125	104	0	144	313	307	0	1740
16:05:00	57900	730	680	0	2247	257	256	0	314	126	133	0	137	347	291	0	1796
16:10:00	58200	766	715	0	2298	288	262	0	340	140	123	0	154	338	330	0	1804
16:15:00	58500	880	748	0	2430	380	314	0	406	126	142	0	138	374	292	0	1886
16:20:00	58800	976	817	0	2589	460	349	0	517	137	131	0	144	379	337	0	1928
16:25:00	59100	1109	922	0	2776	514	441	0	590	130	135	0	139	465	346	0	2047
16:30:00	59400	1217	986	0	3007	617	510	0	697	145	129	0	155	455	347	0	2155
16:35:00	59700	1447	1143	0	3311	701	621	0	777	175	156	0	174	571	366	0	2360
16:40:00	60000	1556	1284	0	3583	789	694	0	872	201	170	0	205	566	420	0	2506
16:45:00	60300	1708	1439	0	3852	848	793	0	927	199	203	0	201	661	443	0	2724
16:50:00	60600	1925	1512	0	4265	943	839	0	1031	230	202	0	229	752	471	0	3005
16:55:00	60900	2108	1661	0	4712	1051	924	0	1158	256	201	0	284	801	536	0	3270
17:00:00	61200	2721	1863	0	5570	1421	1059	0	1520	288	244	0	328	1012	560	0	3722
17:05:00	61500	3452	2277	0	6745	1856	1327	0	2049	352	293	0	387	1244	657	0	4309
17:10:00	61800	4125	2575	0	8295	2275	1610	0	2714	386	252	0	521	1464	713	0	5060
17:15:00	62100	5272	3110	0	10457	2904	1865	0	3753	460	412	0	569	1908	833	0	6135
17:20:00	62400	6001	3295	0	13163	3403	2071	0	5085	517	276	0	810	2081	948	0	7268
17:25:00	62700	6452	3574	0	16041	3630	2189	0	6526	619	286	0	1143	2203	1099	0	8372
17:30:00	63000	6707	3864	0	18884	3583	2154	0	7955	696	499	0	1340	2428	1211	0	9589
17:35:00	63300	6295	3916	0	21263	3356	2242	0	9069	689	405	0	1624	2250	1269	0	10570
17:40:00	63600	5600	4069	0	22794	2830	2136	0	9763	818	386	0	2056	1952	1547	0	10975
17:45:00	63900	4684	3968	0	23510	2338	1974	0	10127	714	448	0	2322	1632	1546	0	11061
17:50:00	64200	3997	4029	0	23478	1839	1948	0	10018	712	460	0	2574	1446	1621	0	10886
17:55:00	64500	3421	4166	0	22733	1450	1948	0	9520	579	670	0	2483	1392	1548	0	10730
18:00:00	64800	2758	4076	0	21415	1139	1970	0	8689	492	478	0	2497	1127	1628	0	10229
18:05:00	65100	2525	4073	0	19867	1046	1951	0	7784	501	478	0	2520	978	1644	0	9563
18:10:00	65400	2106	3944	0	18029	825	1885	0	6724	382	441	0	2461	899	1618	0	8844
18:15:00	65700	2109	3910	0	16228	765	1814	0	5675	321	579	0	2203	1023	1517	0	8350
18:20:00	66000	2148	3861	0	14515	684	1613	0	4746	270	799	0	1674	1194	1449	0	8095
18:25:00	66300	1760	3431	0	12844	604	1409	0	3941	335	476	0	1533	821	1546	0	7370
18:30:00	66600	1797	3030	0	11611	539	919	0	3561	472	499	0	1506	786	1612	0	6544
18:35:00	66900	1203	2389	0	10425	431	820	0	3172	209	294	0	1421	563	1275	0	5832
18:40:00	67200	1244	2314	0	9355	385	716	0	2841	183	423	0	1181	676	1175	0	5333
18:45:00	67500	1134	2073	0	8416	324	584	0	2581	249	346	0	1084	561	1143	0	4751
18:50:00	67800	1004	1872	0	7548	279	558	0	2302	163	349	0	898	562	965	0	4348
18:55:00	68100	877	1706	0	6719	233	509	0	2026	205	248	0	855	439	949	0	3838
19:00:00	68400	767	1477	0	6009	223	481	0	1768	166	201	0	820	378	795	0	3421
19:05:00	68700	785	1362	0	5432	232	447	0	1553	130	243	0	707	423	672	0	3172
19:10:00	69000	742	1317	0	4857	208	475	0	1286	143	213	0	637	391	629	0	2934
19:15:00	69300	759	1219	0	4397	218	442	0	1062	127	212	0	552	414	565	0	2783
19:20:00	69600	726	1211	0	3912	207	453	0	816	129	202	0	479	390	556	0	2617
19:25:00	69900	697	1174	0	3435	185	425	0	576	146	201	0	424	366	548	0	2435
19:30:00	70200	658	1031	0	3062	184	374	0	386	110	197	0	337	364	460	0	2339
19:35:00	70500	800	1093	0	2769	174	294	0	266	145	306	0	176	481	493	0	2327
19:40:00	70800	672	853	0	2588	183	235	0	214	143	158	0	161	346	460	0	2213
19:45:00	71100	473	736	0	2325	109	183	0	140	107	153	0	115	257	400	0	2070
19:50:00	71400	422	583	0	2164	109	111	0	138	100	102	0	113	213	370	0	1913
19:55:00	71700	409	555	0	2018	110	118	0	130	91	105	0	99	208	332	0	1789
20:00:00	72000	415	519	0	1914	117	111	0	136	97	99	0	97	201	309	0	1681
20:05:00	72300	387	507	0	1794	112	109	0	139	73	89	0	81	202	309	0	1574
20:10:00	72600	380	488	0	1686	109	112	0	136	91	69	0	103	180	307	0	1447
20:15:00	72900	351	466	0	1571	81	111	0	106	77	91	0	89	193	264	0	1376
20:20:00	73200	361	440	0	1492	106	101	0	111	74	87	0	76	181	252	0	1305
20:25:00	73500	344	412	0	1424	104	94	0	121	63	69	0	70	177	249	0	1233
20:30:00	73800	330	392	0	1362	101	107	0	115	72	64	0	78	157	221	0	1169
20:35:00	74100	298	367	0	1293	83	105	0	93	55	70	0	63	160	192	0	1137
20:40:00	74400	297	341	0	1249	86	76	0	103	56	65	0	54	155	200	0	1092
20:45:00	74700	246	324	0	1171	75	90	0	88	60	51	0	63	111	183	0	1020
20:50:00	75000	265	292	0	1144	81	80	0	89	55	52	0	66	129	160	0	989
20:55:00	75300	270	304	0	1110	82	76	0	95	49	61	0	54	139	167	0	961
21:00:00	75600	144	271	0	983	24	70	0	49	50	47	0	57	70	154	0	877
21:05:00	75900	128	222	0	889	19	41	0	27	40	49	0	48	69	132	0	814
21:10:00	76200	91	194	0	786	14	19	0	22	20	45	0	23	57	130	0	741
21:15:00	76500	84	154	0	716	20	19	0	23	23	22	0	24	41	113	0	669
21:20:00	76800	72	151	0	637	13	16	0	20	20	17	0	27	39	118	0	590
21:25:00	77100	70	145	0	562	14	15	0	19	14	23	0	18	42	107	0	525
21:30:00	77400	56	107	0	511	8	16	0	11	15	17	0	16	33	74	0	484
21:35:00	77700	46	85	0	472	8	10	0	9	11	16	0	11	27	59	0	452
21:40:00	78000	37	83	0	426	4	7	0	6	14	10	0	15	19	66	0	405
21:45:00	78300	32	72	0	386	3	5	0	4	8	12	0	11	21	55	0	371
21:50:00	78600	31	78	0	339	3	4	0	3	13	10	0	14	15	64	0	322
21:55:00	78900	21	61	0	299	0	1	0	2	7	11	0	10	14	49	0	287
22:00:00	79200	21	56	0	264	1	2	0	1	9	9	0	10	11	45	0	253
22:05:00	79500	20	44	0	240	3	1	0	3	7	7	0	10	10	36	0	227
22:10:00	79800	17	36	0	221	0	1	0	2	6	8	0	8	11	27	0	211
22:15:00	80100	14	37	0	198	1	2	0	1	1	6	0	3	12	29	0	194
22:20:00	80400	5	30	0	173	0	0	0	1	0	3	0	0	5	27	0	172
22:25:00	80700	6	19	0	160	1	2	0	0	1	1	0	0	4	16	0	160
22:30:00	81000	3	16	0	147	0	0	0	0	0	0	0	0	3	16	0	147
22:35:00	81300	1	13	0	135	0	0	0	0	0	0	0	0	1	13	0	135
22:40:00	81600	1	10	0	126	0	0	0	0	0	0	0	0	1	10	0	126
22:45:00	81900	1	14	0	113	0	0	0	0	0	0	0	0	1	14	0	113
22:50:00	82200	1	5	0	109	0	0	0	0	0	0	0	0	1	5	0	109
22:55:00	82500	0	11	0	98	0	0	0	0	0	0	0	0	0	11	0	98
23:00:00	82800	0	4	0	94	0	0	0	0	0	0	0	0	0	4	0	94
23:05:00	83100	0	8	0	86	0	0	0	0	0	0	0	0	0	8	0	86
23:10:00	83400	0	2	0	84	0	0	0	0	0	0	0	0	0	2	0	84
23:15:00	83700	0	5	0	79	0	0	0	0	0	0	0	0	0	5	0	79
23:20:00	84000	0	7	0	72	0	0	0	0	0	0	0	0	0	7	0	72
23:25:00	84300	0	4	0	68	0	0	0	0	0	0	0	0	0	4	0	68
23:30:00	84600	0	6	0	62	0	0	0	0	0	0	0	0	0	6	0	62
23:35:00	84900	0	5	0	57	0	0	0	0	0	0	0	0	0	5	0	57
23:40:00	85200	1	5	0	53	0	0	0	0	0	0	0	0	1	5	0	53
23:45:00	85500	0	6	0	47	0	0	0	0	0	0	0	0	0	6	0	47
23:50:00	85800	0	4	0	43	0	0	0	0	0	0	0	0	0	4	0	43
23:55:00	86100	0	2	0	41	0	0	0	0	0	0	0	0	0	2	0	41
24:00:00	86400	0	1	0	40	0	0	0	0	0	0	0	0	0	1	0	40
24:05:00	86700	0	4	0	36	0	0	0	0	0	0	0	0	0	4	0	36
24:10:00	87000	1	2	0	35	0	0	0	0	0	0	0	0	1	2	0	35
24:15:00	87300	0	3	0	32	0	0	0	0	0	0	0	0	0	3	0	32
24:20:00	87600	0	1	0	31	0	0	0	0	0	0	0	0	0	1	0	31
24:25:00	87900	0	3	0	28	0	0	0	0	0	0	0	0	0	3	0	28
24:30:00	88200	0	1	0	27	0	0	0	0	0	0	0	0	0	1	0	27
24:35:00	88500	0	1	0	26	0	0	0	0	0	0	0	0	0	1	0	26
24:40:00	88800	0	2	0	24	0	0	0	0	0	0	0	0	0	2	0	24
24:45:00	89100	0	1	0	23	0	0	0	0	0	0	0	0	0	1	0	23
24:50:00	89400	0	0	0	23	0	0	0	0	0	0	0	0	0	0	0	23
24:55:00	89700	0	0	0	23	0	0	0	0	0	0	0	0	0	0	0	23
25:00:00	90000	0	0	0	23	0	0	0	0	0	0	0	0	0	0	0	23
25:05:00	90300	0	2	0	21	0	0	0	0	0	0	0	0	0	2	0	21
25:10:00	90600	0	2	0	19	0	0	0	0	0	0	0	0	0	2	0	19
25:15:00	90900	0	1	0	18	0	0	0	0	0	0	0	0	0	1	0	18
25:20:00	91200	0	1	0	17	0	0	0	0	0	0	0	0	0	1	0	17
25:25:00	91500	0	2	0	15	0	0	0	0	0	0	0	0	0	2	0	15
25:30:00	91800	0	1	0	14	0	0	0	0	0	0	0	0	0	1	0	14
25:35:00	92100	0	1	0	13	0	0	0	0	0	0	0	0	0	1	0	13
25:40:00	92400	0	0	0	13	0	0	0	0	0	0	0	0	0	0	0	13
25:45:00	92700	0	3	0	10	0	0	0	0	0	0	0	0	0	3	0	10
25:50:00	93000	0	2	0	8	0	0	0	0	0	0	0	0	0	2	0	8
25:55:00	93300	0	1	0	7	0	0	0	0	0	0	0	0	0	1	0	7
26:00:00	93600	0	3	0	4	0	0	0	0	0	0	0	0	0	3	0	4
26:05:00	93900	0	0	0	4	0	0	0	0	0	0	0	0	0	0	0	4
26:10:00	94200	0	0	0	4	0	0	0	0	0	0	0	0	0	0	0	4
26:15:00	94500	0	0	0	4	0	0	0	0	0	0	0	0	0	0	0	4
26:20:00	94800	0	0	0	4	0	0	0	0	0	0	0	0	0	0	0	4
26:25:00	95100	0	0	0	4	0	0	0	0	0	0	0	0	0	0	0	4
26:30:00	95400	0	0	0	4	0	0	0	0	0	0	0	0	0	0	0	4
26:35:00	95700	0	0	0	4	0	0	0	0	0	0	0	0	0	0	0	4
26:40:00	96000	0	0	0	4	0	0	0	0	0	0	0	0	0	0	0	4
26:45:00	96300	0	0	0	4	0	0	0	0	0	0	0	0	0	0	0	4
26:50:00	96600	0	0	0	4	0	0	0	0	0	0	0	0	0	0	0	4
26:55:00	96900	0	1	0	3	0	0	0	0	0	0	0	0	0	1	0	3
27:00:00	97200	0	0	0	3	0	0	0	0	0	0	0	0	0	0	0	3
27:05:00	97500	0	1	0	2	0	0	0	0	0	0	0	0	0	1	0	2
27:10:00	97800	0	0	0	2	0	0	0	0	0	0	0	0	0	0	0	2
27:15:00	98100	0	0	0	2	0	0	0	0	0	0	0	0	0	0	0	2
27:20:00	98400	0	0	0	2	0	0	0	0	0	0	0	0	0	0	0	2
27:25:00	98700	0	0	0	2	0	0	0	0	0	0	0	0	0	0	0	2
27:30:00	99000	0	0	0	2	0	0	0	0	0	0	0	0	0	0	0	2
27:35:00	99300	0	0	0	2	0	0	0	0	0	0	0	0	0	0	0	2
27:40:00	99600	0	0	0	2	0	0	0	0	0	0	0	0	0	0	0	2
27:45:00	99900	0	1	0	1	0	0	0	0	0	0	0	0	0	1	0	1
27:50:00	100200	0	0	0	1	0	0	0	0	0	0	0	0	0	0	0	1
27:55:00	100500	0	1	0	0	0	0	0	0	0	0	0	0	0	1	0	0
28:00:00	100800	0	0	0	0	0	0	0	0	0	0	0	0	0	0	0	0
28:05:00	101100	0	0	0	0	0	0	0	0	0	0	0	0	0	0	0	0
28:10:00	101400	0	0	0	0	0	0	0	0	0	0	0	0	0	0	0	0
28:15:00	101700	0	0	0	0	0	0	0	0	0	0	0	0	0	0	0	0
28:20:00	102000	0	0	0	0	0	0	0	0	0	0	0	0	0	0	0	0
28:25:00	102300	0	0	0	0	0	0	0	0	0	0	0	0	0	0	0	0
28:30:00	102600	0	0	0	0	0	0	0	0	0	0	0	0	0	0	0	0
28:35:00	102900	0	0	0	0	0	0	0	0	0	0	0	0	0	0	0	0
28:40:00	103200	0	0	0	0	0	0	0	0	0	0	0	0	0	0	0	0
28:45:00	103500	0	0	0	0	0	0	0	0	0	0	0	0	0	0	0	0
28:50:00	103800	0	0	0	0	0	0	0	0	0	0	0	0	0	0	0	0
28:55:00	104100	0	0	0	0	0	0	0	0	0	0	0	0	0	0	0	0
29:00:00	104400	0	0	0	0	0	0	0	0	0	0	0	0	0	0	0	0
29:05:00	104700	0	0	0	0	0	0	0	0	0	0	0	0	0	0	0	0
29:10:00	105000	0	0	0	0	0	0	0	0	0	0	0	0	0	0	0	0
29:15:00	105300	0	0	0	0	0	0	0	0	0	0	0	0	0	0	0	0
29:20:00	105600	0	0	0	0	0	0	0	0	0	0	0	0	0	0	0	0
29:25:00	105900	0	0	0	0	0	0	0	0	0	0	0	0	0	0	0	0
29:30:00	106200	0	0	0	0	0	0	0	0	0	0	0	0	0	0	0	0
29:35:00	106500	0	0	0	0	0	0	0	0	0	0	0	0	0	0	0	0
29:40:00	106800	0	0	0	0	0	0	0	0	0	0	0	0	0	0	0	0
29:45:00	107100	0	0	0	0	0	0	0	0	0	0	0	0	0	0	0	0
29:50:00	107400	0	0	0	0	0	0	0	0	0	0	0	0	0	0	0	0
29:55:00	107700	0	0	0	0	0	0	0	0	0	0	0	0	0	0	0	0
30:00:00	108000	0	0	0	0	0	0	0	0	0	0	0	0	0	0	0	0
30:05:00	108300	0	0	0	0	0	0	0	0	0	0	0	0	0	0	0	0
