time	time	departures_all	arrivals_all	stuck_all	en-route_all	departures_car	arrivals_car	stuck_car	en-route_car	departures_pt	arrivals_pt	stuck_pt	en-route_pt	departures_walk	arrivals_walk	stuck_walk	en-route_walk
00:00:00	0	0	0	0	0	0	0	0	0	0	0	0	0	0	0	0	0
00:05:00	300	0	0	0	0	0	0	0	0	0	0	0	0	0	0	0	0
00:10:00	600	0	0	0	0	0	0	0	0	0	0	0	0	0	0	0	0
00:15:00	900	0	0	0	0	0	0	0	0	0	0	0	0	0	0	0	0
00:20:00	1200	0	0	0	0	0	0	0	0	0	0	0	0	0	0	0	0
00:25:00	1500	0	0	0	0	0	0	0	0	0	0	0	0	0	0	0	0
00:30:00	1800	0	0	0	0	0	0	0	0	0	0	0	0	0	0	0	0
00:35:00	2100	0	0	0	0	0	0	0	0	0	0	0	0	0	0	0	0
00:40:00	2400	0	0	0	0	0	0	0	0	0	0	0	0	0	0	0	0
00:45:00	2700	0	0	0	0	0	0	0	0	0	0	0	0	0	0	0	0
00:50:00	3000	0	0	0	0	0	0	0	0	0	0	0	0	0	0	0	0
00:55:00	3300	0	0	0	0	0	0	0	0	0	0	0	0	0	0	0	0
01:00:00	3600	0	0	0	0	0	0	0	0	0	0	0	0	0	0	0	0
01:05:00	3900	0	0	0	0	0	0	0	0	0	0	0	0	0	0	0	0
01:10:00	4200	0	0	0	0	0	0	0	0	0	0	0	0	0	0	0	0
01:15:00	4500	0	0	0	0	0	0	0	0	0	0	0	0	0	0	0	0
01:20:00	4800	0	0	0	0	0	0	0	0	0	0	0	0	0	0	0	0
01:25:00	5100	0	0	0	0	0	0	0	0	0	0	0	0	0	0	0	0
01:30:00	5400	0	0	0	0	0	0	0	0	0	0	0	0	0	0	0	0
01:35:00	5700	0	0	0	0	0	0	0	0	0	0	0	0	0	0	0	0
01:40:00	6000	0	0	0	0	0	0	0	0	0	0	0	0	0	0	0	0
01:45:00	6300	0	0	0	0	0	0	0	0	0	0	0	0	0	0	0	0
01:50:00	6600	0	0	0	0	0	0	0	0	0	0	0	0	0	0	0	0
01:55:00	6900	0	0	0	0	0	0	0	0	0	0	0	0	0	0	0	0
02:00:00	7200	0	0	0	0	0	0	0	0	0	0	0	0	0	0	0	0
02:05:00	7500	0	0	0	0	0	0	0	0	0	0	0	0	0	0	0	0
02:10:00	7800	0	0	0	0	0	0	0	0	0	0	0	0	0	0	0	0
02:15:00	8100	0	0	0	0	0	0	0	0	0	0	0	0	0	0	0	0
02:20:00	8400	0	0	0	0	0	0	0	0	0	0	0	0	0	0	0	0
02:25:00	8700	0	0	0	0	0	0	0	0	0	0	0	0	0	0	0	0
02:30:00	9000	0	0	0	0	0	0	0	0	0	0	0	0	0	0	0	0
02:35:00	9300	0	0	0	0	0	0	0	0	0	0	0	0	0	0	0	0
02:40:00	9600	0	0	0	0	0	0	0	0	0	0	0	0	0	0	0	0
02:45:00	9900	0	0	0	0	0	0	0	0	0	0	0	0	0	0	0	0
02:50:00	10200	0	0	0	0	0	0	0	0	0	0	0	0	0	0	0	0
02:55:00	10500	0	0	0	0	0	0	0	0	0	0	0	0	0	0	0	0
03:00:00	10800	0	0	0	0	0	0	0	0	0	0	0	0	0	0	0	0
03:05:00	11100	0	0	0	0	0	0	0	0	0	0	0	0	0	0	0	0
03:10:00	11400	0	0	0	0	0	0	0	0	0	0	0	0	0	0	0	0
03:15:00	11700	0	0	0	0	0	0	0	0	0	0	0	0	0	0	0	0
03:20:00	12000	0	0	0	0	0	0	0	0	0	0	0	0	0	0	0	0
03:25:00	12300	0	0	0	0	0	0	0	0	0	0	0	0	0	0	0	0
03:30:00	12600	0	0	0	0	0	0	0	0	0	0	0	0	0	0	0	0
03:35:00	12900	0	0	0	0	0	0	0	0	0	0	0	0	0	0	0	0
03:40:00	13200	0	0	0	0	0	0	0	0	0	0	0	0	0	0	0	0
03:45:00	13500	0	0	0	0	0	0	0	0	0	0	0	0	0	0	0	0
03:50:00	13800	0	0	0	0	0	0	0	0	0	0	0	0	0	0	0	0
03:55:00	14100	0	0	0	0	0	0	0	0	0	0	0	0	0	0	0	0
04:00:00	14400	0	0	0	0	0	0	0	0	0	0	0	0	0	0	0	0
04:05:00	14700	0	0	0	0	0	0	0	0	0	0	0	0	0	0	0	0
04:10:00	15000	0	0	0	0	0	0	0	0	0	0	0	0	0	0	0	0
04:15:00	15300	0	0	0	0	0	0	0	0	0	0	0	0	0	0	0	0
04:20:00	15600	0	0	0	0	0	0	0	0	0	0	0	0	0	0	0	0
04:25:00	15900	0	0	0	0	0	0	0	0	0	0	0	0	0	0	0	0
04:30:00	16200	0	0	0	0	0	0	0	0	0	0	0	0	0	0	0	0
04:35:00	16500	0	0	0	0	0	0	0	0	0	0	0	0	0	0	0	0
04:40:00	16800	0	0	0	0	0	0	0	0	0	0	0	0	0	0	0	0
04:45:00	17100	0	0	0	0	0	0	0	0	0	0	0	0	0	0	0	0
04:50:00	17400	0	0	0	0	0	0	0	0	0	0	0	0	0	0	0	0
04:55:00	17700	0	0	0	0	0	0	0	0	0	0	0	0	0	0	0	0
05:00:00	18000	0	0	0	0	0	0	0	0	0	0	0	0	0	0	0	0
05:05:00	18300	0	0	0	0	0	0	0	0	0	0	0	0	0	0	0	0
05:10:00	18600	0	0	0	0	0	0	0	0	0	0	0	0	0	0	0	0
05:15:00	18900	0	0	0	0	0	0	0	0	0	0	0	0	0	0	0	0
05:20:00	19200	0	0	0	0	0	0	0	0	0	0	0	0	0	0	0	0
05:25:00	19500	1	0	0	1	1	0	0	1	0	0	0	0	0	0	0	0
05:30:00	19800	0	1	0	0	0	1	0	0	0	0	0	0	0	0	0	0
05:35:00	20100	2	0	0	2	2	0	0	2	0	0	0	0	0	0	0	0
05:40:00	20400	1	2	0	1	1	2	0	1	0	0	0	0	0	0	0	0
05:45:00	20700	0	1	0	0	0	1	0	0	0	0	0	0	0	0	0	0
05:50:00	21000	3	1	0	2	3	1	0	2	0	0	0	0	0	0	0	0
05:55:00	21300	7	2	0	7	7	2	0	7	0	0	0	0	0	0	0	0
06:00:00	21600	12	7	0	12	9	7	0	9	0	0	0	0	3	0	0	3
06:05:00	21900	15	7	0	20	12	6	0	15	1	0	0	1	2	1	0	4
06:10:00	22200	35	11	0	44	28	10	0	33	0	1	0	0	7	0	0	11
06:15:00	22500	72	32	0	84	58	29	0	62	2	1	0	1	12	2	0	21
06:20:00	22800	85	59	0	110	64	55	0	71	1	2	0	0	20	2	0	39
06:25:00	23100	145	85	0	170	107	74	0	104	8	2	0	6	30	9	0	60
06:30:00	23400	177	132	0	215	138	109	0	133	11	9	0	8	28	14	0	74
06:35:00	23700	236	153	0	298	183	126	0	190	13	9	0	12	40	18	0	96
06:40:00	24000	310	213	0	395	221	173	0	238	18	13	0	17	71	27	0	140
06:45:00	24300	398	261	0	532	287	213	0	312	20	18	0	19	91	30	0	201
06:50:00	24600	583	381	0	734	399	303	0	408	34	24	0	29	150	54	0	297
06:55:00	24900	995	492	0	1237	717	411	0	714	39	31	0	37	239	50	0	486
07:00:00	25200	1641	843	0	2035	1189	719	0	1184	54	37	0	54	398	87	0	797
07:05:00	25500	2708	1373	0	3370	1874	1143	0	1915	132	63	0	123	702	167	0	1332
07:10:00	25800	3977	2061	0	5286	2791	1726	0	2980	180	115	0	188	1006	220	0	2118
07:15:00	26100	5427	2588	0	8125	3672	2066	0	4586	281	150	0	319	1474	372	0	3220
07:20:00	26400	6813	2882	0	12056	4538	2065	0	7059	441	260	0	500	1834	557	0	4497
07:25:00	26700	7614	2988	0	16682	5096	1991	0	10164	571	252	0	819	1947	745	0	5699
07:30:00	27000	7791	3042	0	21431	4986	1760	0	13390	713	296	0	1236	2092	986	0	6805
07:35:00	27300	7544	3346	0	25629	4580	1627	0	16343	866	471	0	1631	2098	1248	0	7655
07:40:00	27600	6377	3308	0	28698	3731	1492	0	18582	925	418	0	2138	1721	1398	0	7978
07:45:00	27900	5205	3028	0	30875	2878	1178	0	20282	929	370	0	2697	1398	1480	0	7896
07:50:00	28200	3845	2765	0	31955	1920	894	0	21308	905	372	0	3230	1020	1499	0	7417
07:55:00	28500	2879	2674	0	32160	1257	833	0	21732	770	407	0	3593	852	1434	0	6835
08:00:00	28800	1992	2105	0	32047	830	528	0	22034	640	215	0	4018	522	1362	0	5995
08:05:00	29100	1453	1647	0	31853	539	265	0	22308	525	169	0	4374	389	1213	0	5171
08:10:00	29400	1075	1355	0	31573	389	214	0	22483	388	132	0	4630	298	1009	0	4460
08:15:00	29700	1000	1702	0	30871	304	508	0	22279	312	260	0	4682	384	934	0	3910
08:20:00	30000	1051	2388	0	29534	275	1051	0	21503	252	415	0	4519	524	922	0	3512
08:25:00	30300	1232	2889	0	27877	257	1307	0	20453	212	654	0	4077	763	928	0	3347
08:30:00	30600	1173	3081	0	25969	189	1401	0	19241	294	580	0	3791	690	1100	0	2937
08:35:00	30900	908	2967	0	23910	179	1607	0	17813	146	480	0	3457	583	880	0	2640
08:40:00	31200	1301	3271	0	21940	153	1532	0	16434	298	763	0	2992	850	976	0	2514
08:45:00	31500	1208	2746	0	20402	155	1172	0	15417	366	587	0	2771	687	987	0	2214
08:50:00	31800	980	2527	0	18855	129	1185	0	14361	315	463	0	2623	536	879	0	1871
08:55:00	32100	835	2206	0	17484	120	1096	0	13385	365	268	0	2720	350	842	0	1379
09:00:00	32400	686	1647	0	16523	167	892	0	12660	138	257	0	2601	381	498	0	1262
09:05:00	32700	653	1449	0	15727	169	833	0	11996	116	220	0	2497	368	396	0	1234
09:10:00	33000	652	1448	0	14931	156	836	0	11316	189	176	0	2510	307	436	0	1105
09:15:00	33300	642	1306	0	14267	181	763	0	10734	146	176	0	2480	315	367	0	1053
09:20:00	33600	634	1084	0	13817	164	545	0	10353	140	190	0	2430	330	349	0	1034
09:25:00	33900	746	1160	0	13403	175	508	0	10020	161	290	0	2301	410	362	0	1082
09:30:00	34200	863	1287	0	12979	206	553	0	9673	178	333	0	2146	479	401	0	1160
09:35:00	34500	686	933	0	12732	170	370	0	9473	197	177	0	2166	319	386	0	1093
09:40:00	34800	668	1000	0	12400	170	456	0	9187	116	246	0	2036	382	298	0	1177
09:45:00	35100	703	1061	0	12042	183	467	0	8903	134	258	0	1912	386	336	0	1227
09:50:00	35400	864	1224	0	11682	200	478	0	8625	192	315	0	1789	472	431	0	1268
09:55:00	35700	880	1295	0	11267	187	488	0	8324	218	329	0	1678	475	478	0	1265
10:00:00	36000	739	1002	0	11004	167	352	0	8139	232	183	0	1727	340	467	0	1138
10:05:00	36300	861	1089	0	10776	194	335	0	7998	144	382	0	1489	523	372	0	1289
10:10:00	36600	1008	1268	0	10516	201	345	0	7854	224	393	0	1320	583	530	0	1342
10:15:00	36900	679	891	0	10304	207	314	0	7747	179	146	0	1353	293	431	0	1204
10:20:00	37200	673	824	0	10153	179	289	0	7637	175	134	0	1394	319	401	0	1122
10:25:00	37500	555	697	0	10011	169	268	0	7538	149	104	0	1439	237	325	0	1034
10:30:00	37800	576	632	0	9955	176	242	0	7472	150	98	0	1491	250	292	0	992
10:35:00	38100	523	502	0	9976	178	148	0	7502	125	90	0	1526	220	264	0	948
10:40:00	38400	594	534	0	10036	182	124	0	7560	144	125	0	1545	268	285	0	931
10:45:00	38700	881	830	0	10087	193	123	0	7630	111	430	0	1226	577	277	0	1231
10:50:00	39000	633	584	0	10136	170	116	0	7684	151	180	0	1197	312	288	0	1255
10:55:00	39300	724	716	0	10144	147	106	0	7725	345	92	0	1450	232	518	0	969
11:00:00	39600	604	503	0	10245	183	98	0	7810	119	155	0	1414	302	250	0	1021
11:05:00	39900	686	650	0	10281	163	108	0	7865	166	198	0	1382	357	344	0	1034
11:10:00	40200	665	608	0	10338	191	97	0	7959	138	173	0	1347	336	338	0	1032
11:15:00	40500	579	538	0	10379	173	130	0	8002	146	93	0	1400	260	315	0	977
11:20:00	40800	569	477	0	10471	194	105	0	8091	146	109	0	1437	229	263	0	943
11:25:00	41100	581	480	0	10572	179	114	0	8156	140	109	0	1468	262	257	0	948
11:30:00	41400	546	474	0	10644	168	103	0	8221	146	102	0	1512	232	269	0	911
11:35:00	41700	584	452	0	10776	183	91	0	8313	145	105	0	1552	256	256	0	911
11:40:00	42000	556	477	0	10855	179	133	0	8359	138	103	0	1587	239	241	0	909
11:45:00	42300	543	476	0	10922	145	114	0	8390	152	116	0	1623	246	246	0	909
11:50:00	42600	528	430	0	11020	154	92	0	8452	127	97	0	1653	247	241	0	915
11:55:00	42900	537	443	0	11114	181	100	0	8533	137	84	0	1706	219	259	0	875
12:00:00	43200	527	438	0	11203	154	108	0	8579	131	95	0	1742	242	235	0	882
12:05:00	43500	537	426	0	11314	181	92	0	8668	122	99	0	1765	234	235	0	881
12:10:00	43800	493	420	0	11387	151	97	0	8722	123	85	0	1803	219	238	0	862
12:15:00	44100	502	400	0	11489	169	101	0	8790	115	75	0	1843	218	224	0	856
12:20:00	44400	499	382	0	11606	159	90	0	8859	112	93	0	1862	228	199	0	885
12:25:00	44700	500	400	0	11706	156	83	0	8932	125	74	0	1913	219	243	0	861
12:30:00	45000	486	366	0	11826	157	89	0	9000	114	71	0	1956	215	206	0	870
12:35:00	45300	491	393	0	11924	169	92	0	9077	123	81	0	1998	199	220	0	849
12:40:00	45600	478	423	0	11979	153	110	0	9120	131	81	0	2048	194	232	0	811
12:45:00	45900	458	370	0	12067	158	106	0	9172	108	81	0	2075	192	183	0	820
12:50:00	46200	480	387	0	12160	161	98	0	9235	98	75	0	2098	221	214	0	827
12:55:00	46500	480	355	0	12285	172	99	0	9308	110	62	0	2146	198	194	0	831
13:00:00	46800	478	359	0	12404	160	86	0	9382	110	70	0	2186	208	203	0	836
13:05:00	47100	476	371	0	12509	157	83	0	9456	116	66	0	2236	203	222	0	817
13:10:00	47400	455	361	0	12603	170	104	0	9522	101	73	0	2264	184	184	0	817
13:15:00	47700	441	356	0	12688	149	90	0	9581	103	67	0	2300	189	199	0	807
13:20:00	48000	487	334	0	12841	178	67	0	9692	102	76	0	2326	207	191	0	823
13:25:00	48300	440	356	0	12925	157	118	0	9731	93	53	0	2366	190	185	0	828
13:30:00	48600	423	310	0	13038	153	75	0	9809	95	52	0	2409	175	183	0	820
13:35:00	48900	448	379	0	13107	151	95	0	9865	96	78	0	2427	201	206	0	815
13:40:00	49200	458	350	0	13215	166	94	0	9937	108	52	0	2483	184	204	0	795
13:45:00	49500	489	343	0	13361	169	85	0	10021	106	73	0	2516	214	185	0	824
13:50:00	49800	487	365	0	13483	171	91	0	10101	110	77	0	2549	206	197	0	833
13:55:00	50100	472	379	0	13576	177	96	0	10182	99	74	0	2574	196	209	0	820
14:00:00	50400	463	350	0	13689	147	104	0	10225	99	64	0	2609	217	182	0	855
14:05:00	50700	488	376	0	13801	156	82	0	10299	125	62	0	2672	207	232	0	830
14:10:00	51000	420	354	0	13867	133	100	0	10332	94	72	0	2694	193	182	0	841
14:15:00	51300	437	356	0	13948	134	80	0	10386	109	76	0	2727	194	200	0	835
14:20:00	51600	474	378	0	14044	164	103	0	10447	121	63	0	2785	189	212	0	812
14:25:00	51900	451	346	0	14149	159	90	0	10516	102	67	0	2820	190	189	0	813
14:30:00	52200	430	340	0	14239	145	88	0	10573	94	68	0	2846	191	184	0	820
14:35:00	52500	422	319	0	14342	142	88	0	10627	82	60	0	2868	198	171	0	847
14:40:00	52800	465	331	0	14476	158	75	0	10710	112	57	0	2923	195	199	0	843
14:45:00	53100	439	335	0	14580	159	79	0	10790	97	67	0	2953	183	189	0	837
14:50:00	53400	430	344	0	14666	142	90	0	10842	96	60	0	2989	192	194	0	835
14:55:00	53700	445	330	0	14781	170	91	0	10921	98	55	0	3032	177	184	0	828
15:00:00	54000	480	377	0	14884	167	86	0	11002	113	76	0	3069	200	215	0	813
15:05:00	54300	409	335	0	14958	137	85	0	11054	101	60	0	3110	171	190	0	794
15:10:00	54600	444	337	0	15065	150	87	0	11117	85	77	0	3118	209	173	0	830
15:15:00	54900	454	344	0	15175	155	86	0	11186	104	62	0	3160	195	196	0	829
15:20:00	55200	454	361	0	15268	150	93	0	11243	103	63	0	3200	201	205	0	825
15:25:00	55500	413	329	0	15352	149	79	0	11313	96	66	0	3230	168	184	0	809
15:30:00	55800	392	307	0	15437	133	88	0	11358	73	59	0	3244	186	160	0	835
15:35:00	56100	471	351	0	15557	169	77	0	11450	121	58	0	3307	181	216	0	800
15:40:00	56400	444	340	0	15661	176	101	0	11525	79	61	0	3325	189	178	0	811
15:45:00	56700	566	443	0	15784	183	111	0	11597	94	145	0	3274	289	187	0	913
15:50:00	57000	1153	1045	0	15892	164	105	0	11656	128	660	0	2742	861	280	0	1494
15:55:00	57300	982	885	0	15989	171	99	0	11728	256	370	0	2628	555	416	0	1633
16:00:00	57600	1042	994	0	16037	166	88	0	11806	440	189	0	2879	436	717	0	1352
16:05:00	57900	915	801	0	16151	169	85	0	11890	207	290	0	2796	539	426	0	1465
16:10:00	58200	895	843	0	16203	161	79	0	11972	250	255	0	2791	484	509	0	1440
16:15:00	58500	762	640	0	16325	214	78	0	12108	182	174	0	2799	366	388	0	1418
16:20:00	58800	760	683	0	16402	216	114	0	12210	257	154	0	2902	287	415	0	1290
16:25:00	59100	780	657	0	16525	249	117	0	12342	211	152	0	2961	320	388	0	1222
16:30:00	59400	773	593	0	16705	293	116	0	12519	153	153	0	2961	327	324	0	1225
16:35:00	59700	856	655	0	16906	316	142	0	12693	227	111	0	3077	313	402	0	1136
16:40:00	60000	852	606	0	17152	337	138	0	12892	205	132	0	3150	310	336	0	1110
16:45:00	60300	1006	726	0	17432	394	196	0	13090	165	220	0	3095	447	310	0	1247
16:50:00	60600	1363	1013	0	17782	511	264	0	13337	210	346	0	2959	642	403	0	1486
16:55:00	60900	1530	862	0	18450	719	246	0	13810	255	185	0	3029	556	431	0	1611
17:00:00	61200	2104	1039	0	19515	1136	386	0	14560	278	161	0	3146	690	492	0	1809
17:05:00	61500	3008	1162	0	21361	1757	511	0	15806	312	164	0	3294	939	487	0	2261
17:10:00	61800	4048	1380	0	24029	2512	683	0	17635	377	126	0	3545	1159	571	0	2849
17:15:00	62100	5487	1662	0	27854	3490	830	0	20295	481	172	0	3854	1516	660	0	3705
17:20:00	62400	6556	1788	0	32622	4142	836	0	23601	602	145	0	4311	1812	807	0	4710
17:25:00	62700	7257	2024	0	37855	4522	876	0	27247	763	155	0	4919	1972	993	0	5689
17:30:00	63000	7461	2176	0	43140	4560	824	0	30983	937	133	0	5723	1964	1219	0	6434
17:35:00	63300	6994	2330	0	47804	4083	824	0	34242	1016	166	0	6573	1895	1340	0	6989
17:40:00	63600	6000	2349	0	51455	3345	736	0	36851	1021	214	0	7380	1634	1399	0	7224
17:45:00	63900	4827	2131	0	54151	2611	513	0	38949	980	214	0	8146	1236	1404	0	7056
17:50:00	64200	3423	1852	0	55722	1737	469	0	40217	821	101	0	8866	865	1282	0	6639
17:55:00	64500	2544	2015	0	56251	1211	581	0	40847	680	202	0	9344	653	1232	0	6060
18:00:00	64800	1880	1881	0	56250	751	539	0	41059	558	208	0	9694	571	1134	0	5497
18:05:00	65100	1329	1754	0	55825	542	603	0	40998	410	144	0	9960	377	1007	0	4867
18:10:00	65400	1116	1772	0	55169	367	590	0	40775	335	219	0	10076	414	963	0	4318
18:15:00	65700	881	1452	0	54598	339	486	0	40628	258	108	0	10226	284	858	0	3744
18:20:00	66000	718	1386	0	53930	253	552	0	40329	181	109	0	10298	284	725	0	3303
18:25:00	66300	761	1534	0	53157	244	608	0	39965	181	179	0	10300	336	747	0	2892
18:30:00	66600	628	1419	0	52366	243	694	0	39514	131	106	0	10325	254	619	0	2527
18:35:00	66900	685	1326	0	51725	180	511	0	39183	141	213	0	10253	364	602	0	2289
18:40:00	67200	521	928	0	51318	186	362	0	39007	135	69	0	10319	200	497	0	1992
18:45:00	67500	597	855	0	51060	158	207	0	38958	165	172	0	10312	274	476	0	1790
18:50:00	67800	458	640	0	50878	154	158	0	38954	129	48	0	10393	175	434	0	1531
18:55:00	68100	532	734	0	50676	149	185	0	38918	125	146	0	10372	258	403	0	1386
19:00:00	68400	397	540	0	50533	118	147	0	38889	94	54	0	10412	185	339	0	1232
19:05:00	68700	476	560	0	50449	116	141	0	38864	69	159	0	10322	291	260	0	1263
19:10:00	69000	473	474	0	50448	135	73	0	38926	106	104	0	10324	232	297	0	1198
19:15:00	69300	424	416	0	50456	115	68	0	38973	147	30	0	10441	162	318	0	1042
19:20:00	69600	421	407	0	50470	131	82	0	39022	125	53	0	10513	165	272	0	935
19:25:00	69900	392	375	0	50487	135	92	0	39065	80	63	0	10530	177	220	0	892
19:30:00	70200	349	329	0	50507	142	97	0	39110	81	23	0	10588	126	209	0	809
19:35:00	70500	337	244	0	50600	123	46	0	39187	66	33	0	10621	148	165	0	792
19:40:00	70800	319	232	0	50687	112	43	0	39256	69	24	0	10666	138	165	0	765
19:45:00	71100	169	211	0	50645	30	41	0	39245	70	22	0	10714	69	148	0	686
19:50:00	71400	224	281	0	50588	50	68	0	39227	72	69	0	10717	102	144	0	644
19:55:00	71700	319	378	0	50529	28	48	0	39207	57	182	0	10592	234	148	0	730
20:00:00	72000	279	330	0	50478	35	50	0	39192	187	13	0	10766	57	267	0	520
20:05:00	72300	236	262	0	50452	40	48	0	39184	68	81	0	10753	128	133	0	515
20:10:00	72600	129	193	0	50388	33	54	0	39163	33	22	0	10764	63	117	0	461
20:15:00	72900	117	165	0	50340	20	42	0	39141	35	13	0	10786	62	110	0	413
20:20:00	73200	111	122	0	50329	21	32	0	39130	28	10	0	10804	62	80	0	395
20:25:00	73500	119	155	0	50293	28	61	0	39097	28	7	0	10825	63	87	0	371
20:30:00	73800	103	117	0	50279	19	35	0	39081	31	10	0	10846	53	72	0	352
20:35:00	74100	78	126	0	50231	11	54	0	39038	17	10	0	10853	50	62	0	340
20:40:00	74400	93	136	0	50188	34	70	0	39002	21	6	0	10868	38	60	0	318
20:45:00	74700	122	149	0	50161	62	94	0	38970	17	9	0	10876	43	46	0	315
20:50:00	75000	110	122	0	50149	19	35	0	38954	18	39	0	10855	73	48	0	340
20:55:00	75300	650	661	0	50138	14	15	0	38953	28	546	0	10337	608	100	0	848
21:00:00	75600	639	697	0	50080	2	12	0	38943	42	564	0	9815	595	121	0	1322
21:05:00	75900	491	643	0	49928	0	2	0	38941	391	26	0	10180	100	615	0	807
21:10:00	76200	128	263	0	49793	2	2	0	38941	42	57	0	10165	84	204	0	687
21:15:00	76500	189	301	0	49681	2	3	0	38940	55	103	0	10117	132	195	0	624
21:20:00	76800	143	244	0	49580	2	7	0	38935	40	67	0	10090	101	170	0	555
21:25:00	77100	55	128	0	49507	1	6	0	38930	38	5	0	10123	16	117	0	454
21:30:00	77400	20	78	0	49449	2	8	0	38924	9	5	0	10127	9	65	0	398
21:35:00	77700	9	54	0	49404	1	0	0	38925	6	0	0	10133	2	54	0	346
21:40:00	78000	11	115	0	49300	0	0	0	38925	2	1	0	10134	9	114	0	241
21:45:00	78300	7	101	0	49206	0	0	0	38925	6	0	0	10140	1	101	0	141
21:50:00	78600	21	68	0	49159	1	1	0	38925	3	11	0	10132	17	56	0	102
21:55:00	78900	74	98	0	49135	2	2	0	38925	6	48	0	10090	66	48	0	120
22:00:00	79200	48	53	0	49130	0	0	0	38925	23	5	0	10108	25	48	0	97
22:05:00	79500	18	24	0	49124	0	0	0	38925	11	1	0	10118	7	23	0	81
22:10:00	79800	12	23	0	49113	1	6	0	38920	8	0	0	10126	3	17	0	67
22:15:00	80100	9	14	0	49108	0	2	0	38918	4	0	0	10130	5	12	0	60
22:20:00	80400	14	30	0	49092	1	13	0	38906	4	3	0	10131	9	14	0	55
22:25:00	80700	3	8	0	49087	0	2	0	38904	2	0	0	10133	1	6	0	50
22:30:00	81000	2	3	0	49086	0	0	0	38904	1	0	0	10134	1	3	0	48
22:35:00	81300	5	6	0	49085	0	0	0	38904	2	0	0	10136	3	6	0	45
22:40:00	81600	9	12	0	49082	0	1	0	38903	6	2	0	10140	3	9	0	39
22:45:00	81900	6	10	0	49078	0	1	0	38902	6	0	0	10146	0	9	0	30
22:50:00	82200	2	3	0	49077	0	0	0	38902	1	0	0	10147	1	3	0	28
22:55:00	82500	17	19	0	49075	6	6	0	38902	1	10	0	10138	10	3	0	35
23:00:00	82800	107	110	0	49072	0	1	0	38901	10	96	0	10052	97	13	0	119
23:05:00	83100	16	24	0	49064	0	3	0	38898	6	1	0	10057	10	20	0	109
23:10:00	83400	21	37	0	49048	1	7	0	38892	2	0	0	10059	18	30	0	97
23:15:00	83700	31	41	0	49038	0	1	0	38891	16	0	0	10075	15	40	0	72
23:20:00	84000	18	22	0	49034	0	3	0	38888	5	0	0	10080	13	19	0	66
23:25:00	84300	21	23	0	49032	0	0	0	38888	8	0	0	10088	13	23	0	56
23:30:00	84600	9	12	0	49029	0	0	0	38888	5	0	0	10093	4	12	0	48
23:35:00	84900	10	11	0	49028	0	0	0	38888	10	0	0	10103	0	11	0	37
23:40:00	85200	4	5	0	49027	0	0	0	38888	4	0	0	10107	0	5	0	32
23:45:00	85500	1	2	0	49026	0	0	0	38888	1	0	0	10108	0	2	0	30
23:50:00	85800	11	11	0	49026	0	0	0	38888	11	0	0	10119	0	11	0	19
23:55:00	86100	12	12	0	49026	0	0	0	38888	3	9	0	10113	9	3	0	25
24:00:00	86400	5	7	0	49024	1	1	0	38888	3	0	0	10116	1	6	0	20
24:05:00	86700	2	4	0	49022	0	0	0	38888	1	0	0	10117	1	4	0	17
24:10:00	87000	3	5	0	49020	1	3	0	38886	1	0	0	10118	1	2	0	16
24:15:00	87300	4	10	0	49014	1	6	0	38881	0	0	0	10118	3	4	0	15
24:20:00	87600	7	8	0	49013	4	5	0	38880	0	2	0	10116	3	1	0	17
24:25:00	87900	4	7	0	49010	0	2	0	38878	3	0	0	10119	1	5	0	13
24:30:00	88200	3	5	0	49008	0	2	0	38876	2	0	0	10121	1	3	0	11
24:35:00	88500	1	3	0	49006	0	1	0	38875	1	0	0	10122	0	2	0	9
24:40:00	88800	1	1	0	49006	1	1	0	38875	0	0	0	10122	0	0	0	9
24:45:00	89100	3	7	0	49002	0	4	0	38871	1	1	0	10122	2	2	0	9
24:50:00	89400	1	2	0	49001	0	1	0	38870	1	0	0	10123	0	1	0	8
24:55:00	89700	3	3	0	49001	1	1	0	38870	1	1	0	10123	1	1	0	8
25:00:00	90000	2	2	0	49001	1	1	0	38870	1	0	0	10124	0	1	0	7
25:05:00	90300	1	3	0	48999	1	3	0	38868	0	0	0	10124	0	0	0	7
25:10:00	90600	0	4	0	48995	0	3	0	38865	0	0	0	10124	0	1	0	6
25:15:00	90900	2	3	0	48994	1	2	0	38864	0	0	0	10124	1	1	0	6
25:20:00	91200	0	1	0	48993	0	0	0	38864	0	0	0	10124	0	1	0	5
25:25:00	91500	0	4	0	48989	0	3	0	38861	0	0	0	10124	0	1	0	4
25:30:00	91800	0	0	0	48989	0	0	0	38861	0	0	0	10124	0	0	0	4
25:35:00	92100	1	1	0	48989	0	0	0	38861	1	0	0	10125	0	1	0	3
25:40:00	92400	0	3	0	48986	0	3	0	38858	0	0	0	10125	0	0	0	3
25:45:00	92700	15	27	0	48974	15	26	0	38847	0	0	0	10125	0	1	0	2
25:50:00	93000	0	41	0	48933	0	41	0	38806	0	0	0	10125	0	0	0	2
25:55:00	93300	6	6	0	48933	0	0	0	38806	0	6	0	10119	6	0	0	8
26:00:00	93600	6	7	0	48932	0	1	0	38805	6	0	0	10125	0	6	0	2
26:05:00	93900	1	2	0	48931	0	1	0	38804	0	1	0	10124	1	0	0	3
26:10:00	94200	3	5	0	48929	2	4	0	38802	1	0	0	10125	0	1	0	2
26:15:00	94500	0	4	0	48925	0	4	0	38798	0	0	0	10125	0	0	0	2
26:20:00	94800	8	14	0	48919	3	8	0	38793	0	5	0	10120	5	1	0	6
26:25:00	95100	2	2	0	48919	0	0	0	38793	2	0	0	10122	0	2	0	4
26:30:00	95400	2	4	0	48917	0	2	0	38791	1	0	0	10123	1	2	0	3
26:35:00	95700	2	2	0	48917	0	0	0	38791	0	0	0	10123	2	2	0	3
26:40:00	96000	2	2	0	48917	0	0	0	38791	2	0	0	10125	0	2	0	1
26:45:00	96300	4	5	0	48916	4	4	0	38791	0	0	0	10125	0	1	0	0
26:50:00	96600	0	2	0	48914	0	2	0	38789	0	0	0	10125	0	0	0	0
26:55:00	96900	16	16	0	48914	0	0	0	38789	0	14	0	10111	16	2	0	14
27:00:00	97200	11	12	0	48913	2	2	0	38789	3	5	0	10109	6	5	0	15
27:05:00	97500	10	10	0	48913	1	1	0	38789	7	0	0	10116	2	9	0	8
27:10:00	97800	0	0	0	48913	0	0	0	38789	0	0	0	10116	0	0	0	8
27:15:00	98100	3	5	0	48911	0	2	0	38787	1	0	0	10117	2	3	0	7
27:20:00	98400	8	13	0	48906	1	5	0	38783	1	2	0	10116	6	6	0	7
27:25:00	98700	2	2	0	48906	0	0	0	38783	2	0	0	10118	0	2	0	5
27:30:00	99000	2	2	0	48906	0	0	0	38783	2	0	0	10120	0	2	0	3
27:35:00	99300	1	2	0	48905	0	1	0	38782	0	0	0	10120	1	1	0	3
27:40:00	99600	1	1	0	48905	0	0	0	38782	1	0	0	10121	0	1	0	2
27:45:00	99900	3	8	0	48900	2	7	0	38777	1	0	0	10122	0	1	0	1
27:50:00	100200	0	6	0	48894	0	6	0	38771	0	0	0	10122	0	0	0	1
27:55:00	100500	0	0	0	48894	0	0	0	38771	0	0	0	10122	0	0	0	1
28:00:00	100800	0	0	0	48894	0	0	0	38771	0	0	0	10122	0	0	0	1
28:05:00	101100	0	0	0	48894	0	0	0	38771	0	0	0	10122	0	0	0	1
28:10:00	101400	10	11	0	48893	1	2	0	38770	1	8	0	10115	8	1	0	8
28:15:00	101700	0	1	0	48892	0	1	0	38769	0	0	0	10115	0	0	0	8
28:20:00	102000	2	4	0	48890	0	2	0	38767	0	2	0	10113	2	0	0	10
28:25:00	102300	3	5	0	48888	1	3	0	38765	2	0	0	10115	0	2	0	8
28:30:00	102600	0	0	0	48888	0	0	0	38765	0	0	0	10115	0	0	0	8
28:35:00	102900	0	1	0	48887	0	0	0	38765	0	0	0	10115	0	1	0	7
28:40:00	103200	0	1	0	48886	0	0	0	38765	0	0	0	10115	0	1	0	6
28:45:00	103500	11	16	0	48881	11	14	0	38762	0	0	0	10115	0	2	0	4
28:50:00	103800	0	70	0	48811	0	69	0	38693	0	0	0	10115	0	1	0	3
28:55:00	104100	2	4	0	48809	0	1	0	38692	0	2	0	10113	2	1	0	4
29:00:00	104400	1	2	0	48808	0	0	0	38692	0	1	0	10112	1	1	0	4
29:05:00	104700	0	2	0	48806	0	2	0	38690	0	0	0	10112	0	0	0	4
29:10:00	105000	3	9	0	48800	3	8	0	38685	0	0	0	10112	0	1	0	3
29:15:00	105300	1	1	0	48800	0	0	0	38685	0	0	0	10112	1	1	0	3
29:20:00	105600	2	4	0	48798	2	4	0	38683	0	0	0	10112	0	0	0	3
29:25:00	105900	1	2	0	48797	0	1	0	38682	0	0	0	10112	1	1	0	3
29:30:00	106200	2	3	0	48796	0	1	0	38681	1	0	0	10113	1	2	0	2
29:35:00	106500	1	1	0	48796	1	1	0	38681	0	0	0	10113	0	0	0	2
29:40:00	106800	0	0	0	48796	0	0	0	38681	0	0	0	10113	0	0	0	2
29:45:00	107100	0	0	0	48796	0	0	0	38681	0	0	0	10113	0	0	0	2
29:50:00	107400	1	2	0	48795	0	1	0	38680	1	0	0	10114	0	1	0	1
29:55:00	107700	0	1	0	48794	0	1	0	38679	0	0	0	10114	0	0	0	1
30:00:00	108000	0	0	43594	5200	0	0	38679	0	0	0	4914	5200	0	0	1	0
30:05:00	108300	0	0	0	5200	0	0	0	0	0	0	0	5200	0	0	0	0
