time	time	departures_all	arrivals_all	stuck_all	en-route_all	departures_car	arrivals_car	stuck_car	en-route_car	departures_pt	arrivals_pt	stuck_pt	en-route_pt	departures_walk	arrivals_walk	stuck_walk	en-route_walk
00:00:00	0	0	0	0	0	0	0	0	0	0	0	0	0	0	0	0	0
00:05:00	300	0	0	0	0	0	0	0	0	0	0	0	0	0	0	0	0
00:10:00	600	0	0	0	0	0	0	0	0	0	0	0	0	0	0	0	0
00:15:00	900	0	0	0	0	0	0	0	0	0	0	0	0	0	0	0	0
00:20:00	1200	0	0	0	0	0	0	0	0	0	0	0	0	0	0	0	0
00:25:00	1500	0	0	0	0	0	0	0	0	0	0	0	0	0	0	0	0
00:30:00	1800	0	0	0	0	0	0	0	0	0	0	0	0	0	0	0	0
00:35:00	2100	0	0	0	0	0	0	0	0	0	0	0	0	0	0	0	0
00:40:00	2400	0	0	0	0	0	0	0	0	0	0	0	0	0	0	0	0
00:45:00	2700	0	0	0	0	0	0	0	0	0	0	0	0	0	0	0	0
00:50:00	3000	0	0	0	0	0	0	0	0	0	0	0	0	0	0	0	0
00:55:00	3300	0	0	0	0	0	0	0	0	0	0	0	0	0	0	0	0
01:00:00	3600	0	0	0	0	0	0	0	0	0	0	0	0	0	0	0	0
01:05:00	3900	0	0	0	0	0	0	0	0	0	0	0	0	0	0	0	0
01:10:00	4200	0	0	0	0	0	0	0	0	0	0	0	0	0	0	0	0
01:15:00	4500	0	0	0	0	0	0	0	0	0	0	0	0	0	0	0	0
01:20:00	4800	0	0	0	0	0	0	0	0	0	0	0	0	0	0	0	0
01:25:00	5100	0	0	0	0	0	0	0	0	0	0	0	0	0	0	0	0
01:30:00	5400	0	0	0	0	0	0	0	0	0	0	0	0	0	0	0	0
01:35:00	5700	0	0	0	0	0	0	0	0	0	0	0	0	0	0	0	0
01:40:00	6000	0	0	0	0	0	0	0	0	0	0	0	0	0	0	0	0
01:45:00	6300	0	0	0	0	0	0	0	0	0	0	0	0	0	0	0	0
01:50:00	6600	0	0	0	0	0	0	0	0	0	0	0	0	0	0	0	0
01:55:00	6900	0	0	0	0	0	0	0	0	0	0	0	0	0	0	0	0
02:00:00	7200	0	0	0	0	0	0	0	0	0	0	0	0	0	0	0	0
02:05:00	7500	0	0	0	0	0	0	0	0	0	0	0	0	0	0	0	0
02:10:00	7800	0	0	0	0	0	0	0	0	0	0	0	0	0	0	0	0
02:15:00	8100	0	0	0	0	0	0	0	0	0	0	0	0	0	0	0	0
02:20:00	8400	0	0	0	0	0	0	0	0	0	0	0	0	0	0	0	0
02:25:00	8700	0	0	0	0	0	0	0	0	0	0	0	0	0	0	0	0
02:30:00	9000	0	0	0	0	0	0	0	0	0	0	0	0	0	0	0	0
02:35:00	9300	0	0	0	0	0	0	0	0	0	0	0	0	0	0	0	0
02:40:00	9600	0	0	0	0	0	0	0	0	0	0	0	0	0	0	0	0
02:45:00	9900	0	0	0	0	0	0	0	0	0	0	0	0	0	0	0	0
02:50:00	10200	0	0	0	0	0	0	0	0	0	0	0	0	0	0	0	0
02:55:00	10500	0	0	0	0	0	0	0	0	0	0	0	0	0	0	0	0
03:00:00	10800	0	0	0	0	0	0	0	0	0	0	0	0	0	0	0	0
03:05:00	11100	0	0	0	0	0	0	0	0	0	0	0	0	0	0	0	0
03:10:00	11400	0	0	0	0	0	0	0	0	0	0	0	0	0	0	0	0
03:15:00	11700	0	0	0	0	0	0	0	0	0	0	0	0	0	0	0	0
03:20:00	12000	0	0	0	0	0	0	0	0	0	0	0	0	0	0	0	0
03:25:00	12300	0	0	0	0	0	0	0	0	0	0	0	0	0	0	0	0
03:30:00	12600	0	0	0	0	0	0	0	0	0	0	0	0	0	0	0	0
03:35:00	12900	0	0	0	0	0	0	0	0	0	0	0	0	0	0	0	0
03:40:00	13200	0	0	0	0	0	0	0	0	0	0	0	0	0	0	0	0
03:45:00	13500	0	0	0	0	0	0	0	0	0	0	0	0	0	0	0	0
03:50:00	13800	0	0	0	0	0	0	0	0	0	0	0	0	0	0	0	0
03:55:00	14100	0	0	0	0	0	0	0	0	0	0	0	0	0	0	0	0
04:00:00	14400	0	0	0	0	0	0	0	0	0	0	0	0	0	0	0	0
04:05:00	14700	0	0	0	0	0	0	0	0	0	0	0	0	0	0	0	0
04:10:00	15000	0	0	0	0	0	0	0	0	0	0	0	0	0	0	0	0
04:15:00	15300	0	0	0	0	0	0	0	0	0	0	0	0	0	0	0	0
04:20:00	15600	0	0	0	0	0	0	0	0	0	0	0	0	0	0	0	0
04:25:00	15900	0	0	0	0	0	0	0	0	0	0	0	0	0	0	0	0
04:30:00	16200	0	0	0	0	0	0	0	0	0	0	0	0	0	0	0	0
04:35:00	16500	0	0	0	0	0	0	0	0	0	0	0	0	0	0	0	0
04:40:00	16800	0	0	0	0	0	0	0	0	0	0	0	0	0	0	0	0
04:45:00	17100	0	0	0	0	0	0	0	0	0	0	0	0	0	0	0	0
04:50:00	17400	0	0	0	0	0	0	0	0	0	0	0	0	0	0	0	0
04:55:00	17700	0	0	0	0	0	0	0	0	0	0	0	0	0	0	0	0
05:00:00	18000	0	0	0	0	0	0	0	0	0	0	0	0	0	0	0	0
05:05:00	18300	0	0	0	0	0	0	0	0	0	0	0	0	0	0	0	0
05:10:00	18600	0	0	0	0	0	0	0	0	0	0	0	0	0	0	0	0
05:15:00	18900	0	0	0	0	0	0	0	0	0	0	0	0	0	0	0	0
05:20:00	19200	3	0	0	3	3	0	0	3	0	0	0	0	0	0	0	0
05:25:00	19500	2	2	0	3	1	2	0	2	0	0	0	0	1	0	0	1
05:30:00	19800	4	2	0	5	4	2	0	4	0	0	0	0	0	0	0	1
05:35:00	20100	4	4	0	5	2	3	0	3	1	0	0	1	1	1	0	1
05:40:00	20400	10	3	0	12	10	3	0	10	0	0	0	1	0	0	0	1
05:45:00	20700	10	4	0	18	7	4	0	13	0	0	0	1	3	0	0	4
05:50:00	21000	13	13	0	18	11	13	0	11	0	0	0	1	2	0	0	6
05:55:00	21300	21	12	0	27	16	11	0	16	1	0	0	2	4	1	0	9
06:00:00	21600	44	23	0	48	30	20	0	26	2	1	0	3	12	2	0	19
06:05:00	21900	54	26	0	76	34	18	0	42	5	3	0	5	15	5	0	29
06:10:00	22200	101	44	0	133	73	36	0	79	3	4	0	4	25	4	0	50
06:15:00	22500	169	90	0	212	117	78	0	118	4	6	0	2	48	6	0	92
06:20:00	22800	224	117	0	319	157	102	0	173	7	3	0	6	60	12	0	140
06:25:00	23100	318	205	0	432	206	172	0	207	18	9	0	15	94	24	0	210
06:30:00	23400	431	261	0	602	289	213	0	283	27	14	0	28	115	34	0	291
06:35:00	23700	564	341	0	825	375	257	0	401	39	30	0	37	150	54	0	387
06:40:00	24000	651	488	0	988	388	361	0	428	56	47	0	46	207	80	0	514
06:45:00	24300	826	575	0	1239	511	415	0	524	73	51	0	68	242	109	0	647
06:50:00	24600	1056	715	0	1580	603	503	0	624	93	74	0	87	360	138	0	869
06:55:00	24900	1356	830	0	2106	795	582	0	837	100	100	0	87	461	148	0	1182
07:00:00	25200	1936	1162	0	2880	1095	815	0	1117	157	95	0	149	684	252	0	1614
07:05:00	25500	2829	1525	0	4184	1585	1077	0	1625	194	154	0	189	1050	294	0	2370
07:10:00	25800	4003	2146	0	6041	2243	1534	0	2334	312	188	0	313	1448	424	0	3394
07:15:00	26100	5208	2741	0	8508	2769	1908	0	3195	384	276	0	421	2055	557	0	4892
07:20:00	26400	6314	3248	0	11574	3312	2102	0	4405	554	362	0	613	2448	784	0	6556
07:25:00	26700	7130	3662	0	15042	3710	2182	0	5933	719	454	0	878	2701	1026	0	8231
07:30:00	27000	7351	4074	0	18319	3558	2258	0	7233	924	457	0	1345	2869	1359	0	9741
07:35:00	27300	7250	4406	0	21163	3380	2197	0	8416	1041	642	0	1744	2829	1567	0	11003
07:40:00	27600	6441	4897	0	22707	2727	2213	0	8930	1198	756	0	2186	2516	1928	0	11591
07:45:00	27900	5626	4960	0	23373	2167	2036	0	9061	1186	854	0	2518	2273	2070	0	11794
07:50:00	28200	4433	4921	0	22885	1653	2075	0	8639	1130	728	0	2920	1650	2118	0	11326
07:55:00	28500	3937	5198	0	21624	1114	1952	0	7801	1110	1015	0	3015	1713	2231	0	10808
08:00:00	28800	3316	4940	0	20000	880	1706	0	6975	936	1045	0	2906	1500	2189	0	10119
08:05:00	29100	2550	4501	0	18049	626	1558	0	6043	798	767	0	2937	1126	2176	0	9069
08:10:00	29400	2434	4378	0	16105	556	1388	0	5211	624	970	0	2591	1254	2020	0	8303
08:15:00	29700	2110	4151	0	14064	503	1408	0	4306	582	775	0	2398	1025	1968	0	7360
08:20:00	30000	1927	3922	0	12069	421	1274	0	3453	504	797	0	2105	1002	1851	0	6511
08:25:00	30300	1985	3670	0	10384	381	955	0	2879	400	1002	0	1503	1204	1713	0	6002
08:30:00	30600	1385	2987	0	8782	306	801	0	2384	437	465	0	1475	642	1721	0	4923
08:35:00	30900	1214	2531	0	7465	258	658	0	1984	309	491	0	1293	647	1382	0	4188
08:40:00	31200	1168	2346	0	6287	212	573	0	1623	266	571	0	988	690	1202	0	3676
08:45:00	31500	951	2007	0	5231	185	519	0	1289	269	374	0	883	497	1114	0	3059
08:50:00	31800	1167	2107	0	4291	149	528	0	910	241	670	0	454	777	909	0	2927
08:55:00	32100	1110	1779	0	3622	139	370	0	679	503	356	0	601	468	1053	0	2342
09:00:00	32400	861	1363	0	3120	197	351	0	525	243	243	0	601	421	769	0	1994
09:05:00	32700	794	1140	0	2774	190	328	0	387	160	254	0	507	444	558	0	1880
09:10:00	33000	838	1163	0	2449	180	301	0	266	172	299	0	380	486	563	0	1803
09:15:00	33300	849	1034	0	2264	200	223	0	243	178	282	0	276	471	529	0	1745
09:20:00	33600	784	960	0	2088	189	173	0	259	165	253	0	188	430	534	0	1641
09:25:00	33900	703	856	0	1935	171	186	0	244	164	183	0	169	368	487	0	1522
09:30:00	34200	682	698	0	1919	183	175	0	252	152	148	0	173	347	375	0	1494
09:35:00	34500	680	763	0	1836	172	209	0	215	175	161	0	187	333	393	0	1434
09:40:00	34800	681	683	0	1834	180	172	0	223	151	168	0	170	350	343	0	1441
09:45:00	35100	669	715	0	1788	173	173	0	223	169	160	0	179	327	382	0	1386
09:50:00	35400	761	737	0	1812	198	179	0	242	171	168	0	182	392	390	0	1388
09:55:00	35700	697	690	0	1819	167	181	0	228	179	166	0	195	351	343	0	1396
10:00:00	36000	737	740	0	1816	190	192	0	226	185	176	0	204	362	372	0	1386
10:05:00	36300	699	693	0	1822	187	180	0	233	136	183	0	157	376	330	0	1432
10:10:00	36600	752	702	0	1872	208	203	0	238	186	148	0	195	358	351	0	1439
10:15:00	36900	726	747	0	1851	191	206	0	223	184	169	0	210	351	372	0	1418
10:20:00	37200	767	703	0	1915	194	174	0	243	159	190	0	179	414	339	0	1493
10:25:00	37500	712	701	0	1926	174	177	0	240	187	170	0	196	351	354	0	1490
10:30:00	37800	723	736	0	1913	183	202	0	221	168	171	0	193	372	363	0	1499
10:35:00	38100	730	729	0	1914	188	176	0	233	184	187	0	190	358	366	0	1491
10:40:00	38400	755	739	0	1930	195	191	0	237	192	176	0	206	368	372	0	1487
10:45:00	38700	746	758	0	1918	190	196	0	231	177	182	0	201	379	380	0	1486
10:50:00	39000	701	754	0	1865	179	204	0	206	175	167	0	209	347	383	0	1450
10:55:00	39300	662	688	0	1839	167	157	0	216	162	175	0	196	333	356	0	1427
11:00:00	39600	719	686	0	1872	194	173	0	237	157	175	0	178	368	338	0	1457
11:05:00	39900	728	720	0	1880	167	173	0	231	177	164	0	191	384	383	0	1458
11:10:00	40200	724	684	0	1920	197	172	0	256	162	174	0	179	365	338	0	1485
11:15:00	40500	728	749	0	1899	180	185	0	251	177	179	0	177	371	385	0	1471
11:20:00	40800	683	700	0	1882	193	198	0	246	159	159	0	177	331	343	0	1459
11:25:00	41100	718	704	0	1896	164	196	0	214	170	157	0	190	384	351	0	1492
11:30:00	41400	725	719	0	1902	171	173	0	212	188	176	0	202	366	370	0	1488
11:35:00	41700	767	732	0	1937	173	156	0	229	189	197	0	194	405	379	0	1514
11:40:00	42000	743	759	0	1921	193	192	0	230	194	185	0	203	356	382	0	1488
11:45:00	42300	765	732	0	1954	177	183	0	224	196	191	0	208	392	358	0	1522
11:50:00	42600	745	739	0	1960	171	186	0	209	181	185	0	204	393	368	0	1547
11:55:00	42900	716	711	0	1965	180	164	0	225	182	175	0	211	354	372	0	1529
12:00:00	43200	722	753	0	1934	166	179	0	212	194	181	0	224	362	393	0	1498
12:05:00	43500	753	722	0	1965	209	166	0	255	159	195	0	188	385	361	0	1522
12:10:00	43800	702	743	0	1924	174	197	0	232	169	175	0	182	359	371	0	1510
12:15:00	44100	758	715	0	1967	220	181	0	271	175	159	0	198	363	375	0	1498
12:20:00	44400	727	771	0	1923	184	225	0	230	182	171	0	209	361	375	0	1484
12:25:00	44700	762	766	0	1919	178	181	0	227	188	203	0	194	396	382	0	1498
12:30:00	45000	760	700	0	1979	198	172	0	253	186	163	0	217	376	365	0	1509
12:35:00	45300	757	759	0	1977	198	198	0	253	176	203	0	190	383	358	0	1534
12:40:00	45600	704	739	0	1942	174	207	0	220	184	165	0	209	346	367	0	1513
12:45:00	45900	711	677	0	1976	181	166	0	235	178	172	0	215	352	339	0	1526
12:50:00	46200	761	776	0	1961	202	197	0	240	165	191	0	189	394	388	0	1532
12:55:00	46500	746	730	0	1977	200	185	0	255	189	168	0	210	357	377	0	1512
13:00:00	46800	770	754	0	1993	180	196	0	239	176	200	0	186	414	358	0	1568
13:05:00	47100	739	736	0	1996	172	189	0	222	200	155	0	231	367	392	0	1543
13:10:00	47400	757	765	0	1988	192	187	0	227	187	192	0	226	378	386	0	1535
13:15:00	47700	744	788	0	1944	172	181	0	218	184	212	0	198	388	395	0	1528
13:20:00	48000	754	723	0	1975	183	156	0	245	191	186	0	203	380	381	0	1527
13:25:00	48300	724	747	0	1952	166	185	0	226	176	184	0	195	382	378	0	1531
13:30:00	48600	729	723	0	1958	205	173	0	258	172	164	0	203	352	386	0	1497
13:35:00	48900	709	768	0	1899	180	221	0	217	171	179	0	195	358	368	0	1487
13:40:00	49200	728	712	0	1915	208	195	0	230	172	159	0	208	348	358	0	1477
13:45:00	49500	772	704	0	1983	200	163	0	267	181	184	0	205	391	357	0	1511
13:50:00	49800	715	732	0	1966	188	223	0	232	173	171	0	207	354	338	0	1527
13:55:00	50100	720	760	0	1926	187	177	0	242	168	185	0	190	365	398	0	1494
14:00:00	50400	696	707	0	1915	180	193	0	229	159	166	0	183	357	348	0	1503
14:05:00	50700	695	719	0	1891	179	165	0	243	171	157	0	197	345	397	0	1451
14:10:00	51000	699	720	0	1870	172	189	0	226	176	178	0	195	351	353	0	1449
14:15:00	51300	711	685	0	1896	190	170	0	246	175	168	0	202	346	347	0	1448
14:20:00	51600	749	766	0	1879	185	209	0	222	194	180	0	216	370	377	0	1441
14:25:00	51900	723	704	0	1898	196	173	0	245	163	185	0	194	364	346	0	1459
14:30:00	52200	688	736	0	1850	169	174	0	240	169	173	0	190	350	389	0	1420
14:35:00	52500	724	701	0	1873	177	183	0	234	165	167	0	188	382	351	0	1451
14:40:00	52800	732	693	0	1912	200	186	0	248	158	173	0	173	374	334	0	1491
14:45:00	53100	680	675	0	1917	193	185	0	256	165	150	0	188	322	340	0	1473
14:50:00	53400	718	713	0	1922	189	193	0	252	171	170	0	189	358	350	0	1481
14:55:00	53700	736	708	0	1950	220	198	0	274	160	176	0	173	356	334	0	1503
15:00:00	54000	749	749	0	1950	198	206	0	266	187	172	0	188	364	371	0	1496
15:05:00	54300	676	724	0	1902	161	208	0	219	176	163	0	201	339	353	0	1482
15:10:00	54600	713	744	0	1871	183	191	0	211	160	177	0	184	370	376	0	1476
15:15:00	54900	713	686	0	1898	173	162	0	222	170	163	0	191	370	361	0	1485
15:20:00	55200	731	735	0	1894	168	177	0	213	181	176	0	196	382	382	0	1485
15:25:00	55500	699	694	0	1899	184	165	0	232	171	177	0	190	344	352	0	1477
15:30:00	55800	698	683	0	1914	170	176	0	226	161	166	0	185	367	341	0	1503
15:35:00	56100	701	676	0	1939	196	169	0	253	187	148	0	224	318	359	0	1462
15:40:00	56400	754	760	0	1933	204	203	0	254	173	187	0	210	377	370	0	1469
15:45:00	56700	745	718	0	1960	213	199	0	268	155	180	0	185	377	339	0	1507
15:50:00	57000	769	754	0	1975	210	214	0	264	189	160	0	214	370	380	0	1497
15:55:00	57300	760	732	0	2003	202	209	0	257	166	182	0	198	392	341	0	1548
16:00:00	57600	790	738	0	2055	223	187	0	293	178	177	0	199	389	374	0	1563
16:05:00	57900	821	797	0	2079	224	234	0	283	199	176	0	222	398	387	0	1574
16:10:00	58200	856	807	0	2128	252	231	0	304	201	195	0	228	403	381	0	1596
16:15:00	58500	973	863	0	2238	325	273	0	356	206	207	0	227	442	383	0	1655
16:20:00	58800	943	890	0	2291	327	285	0	398	185	212	0	200	431	393	0	1693
16:25:00	59100	1081	956	0	2416	415	354	0	459	204	182	0	222	462	420	0	1735
16:30:00	59400	1185	1023	0	2578	472	393	0	538	215	205	0	232	498	425	0	1808
16:35:00	59700	1306	1144	0	2740	529	470	0	597	237	207	0	262	540	467	0	1881
16:40:00	60000	1434	1211	0	2963	589	527	0	659	266	227	0	301	579	457	0	2003
16:45:00	60300	1563	1339	0	3187	661	587	0	733	245	264	0	282	657	488	0	2172
16:50:00	60600	1732	1454	0	3465	731	651	0	813	299	264	0	317	702	539	0	2335
16:55:00	60900	2067	1567	0	3965	904	740	0	977	304	274	0	347	859	553	0	2641
17:00:00	61200	2715	1826	0	4854	1280	906	0	1351	352	298	0	401	1083	622	0	3102
17:05:00	61500	3680	2274	0	6260	1757	1149	0	1959	459	349	0	511	1464	776	0	3790
17:10:00	61800	4583	2719	0	8124	2251	1504	0	2706	560	346	0	725	1772	869	0	4693
17:15:00	62100	6089	3288	0	10925	3029	1763	0	3972	696	490	0	931	2364	1035	0	6022
17:20:00	62400	7128	3721	0	14332	3500	2003	0	5469	825	488	0	1268	2803	1230	0	7595
17:25:00	62700	7828	4060	0	18100	3835	2072	0	7232	1059	436	0	1891	2934	1552	0	8977
17:30:00	63000	8066	4282	0	21884	3898	2063	0	9067	1294	383	0	2802	2874	1836	0	10015
17:35:00	63300	7776	4714	0	24946	3476	2156	0	10387	1304	645	0	3461	2996	1913	0	11098
17:40:00	63600	7055	4905	0	27096	2951	2018	0	11320	1371	810	0	4022	2733	2077	0	11754
17:45:00	63900	6059	4783	0	28372	2384	1813	0	11891	1443	688	0	4777	2232	2282	0	11704
17:50:00	64200	4916	4718	0	28570	1757	1676	0	11972	1284	781	0	5280	1875	2261	0	11318
17:55:00	64500	3866	4613	0	27823	1232	1677	0	11527	1024	855	0	5449	1610	2081	0	10847
18:00:00	64800	3381	4922	0	26282	913	1858	0	10582	933	939	0	5443	1535	2125	0	10257
18:05:00	65100	2892	4772	0	24402	831	1858	0	9555	736	872	0	5307	1325	2042	0	9540
18:10:00	65400	2179	4417	0	22164	619	1886	0	8288	633	569	0	5371	927	1962	0	8505
18:15:00	65700	2070	4037	0	20197	590	1597	0	7281	441	693	0	5119	1039	1747	0	7797
18:20:00	66000	1754	3770	0	18181	484	1569	0	6196	425	491	0	5053	845	1710	0	6932
18:25:00	66300	1851	3602	0	16430	455	1336	0	5315	315	773	0	4595	1081	1493	0	6520
18:30:00	66600	2293	3843	0	14880	380	1021	0	4674	406	1256	0	3745	1507	1566	0	6461
18:35:00	66900	1971	3439	0	13412	341	929	0	4086	616	757	0	3604	1014	1753	0	5722
18:40:00	67200	1986	3276	0	12122	289	706	0	3669	516	945	0	3175	1181	1625	0	5278
18:45:00	67500	1326	2525	0	10923	246	625	0	3290	270	615	0	2830	810	1285	0	4803
18:50:00	67800	1296	2449	0	9770	213	552	0	2951	306	558	0	2578	777	1339	0	4241
18:55:00	68100	1160	2109	0	8821	191	490	0	2652	257	522	0	2313	712	1097	0	3856
19:00:00	68400	1128	1939	0	8010	188	427	0	2413	249	489	0	2073	691	1023	0	3524
19:05:00	68700	971	1641	0	7340	189	408	0	2194	196	390	0	1879	586	843	0	3267
19:10:00	69000	1051	1748	0	6643	187	438	0	1943	213	450	0	1642	651	860	0	3058
19:15:00	69300	921	1490	0	6074	158	381	0	1720	206	342	0	1506	557	767	0	2848
19:20:00	69600	1108	1674	0	5508	191	426	0	1485	279	463	0	1322	638	785	0	2701
19:25:00	69900	978	1475	0	5011	172	405	0	1252	171	451	0	1042	635	619	0	2717
19:30:00	70200	942	1455	0	4498	192	421	0	1023	196	356	0	882	554	678	0	2593
19:35:00	70500	1057	1611	0	3944	162	431	0	754	220	486	0	616	675	694	0	2574
19:40:00	70800	1148	1557	0	3535	158	352	0	560	225	542	0	299	765	663	0	2676
19:45:00	71100	690	1172	0	3053	105	299	0	366	227	228	0	298	358	645	0	2389
19:50:00	71400	616	1000	0	2669	87	239	0	214	199	206	0	291	330	555	0	2164
19:55:00	71700	627	944	0	2352	98	182	0	130	149	272	0	168	380	490	0	2054
20:00:00	72000	532	787	0	2097	94	100	0	124	175	157	0	186	263	530	0	1787
20:05:00	72300	495	677	0	1915	87	96	0	115	143	156	0	173	265	425	0	1627
20:10:00	72600	490	672	0	1733	89	80	0	124	140	159	0	154	261	433	0	1455
20:15:00	72900	461	620	0	1574	84	101	0	107	136	136	0	154	241	383	0	1313
20:20:00	73200	437	545	0	1466	97	78	0	126	114	136	0	132	226	331	0	1208
20:25:00	73500	461	552	0	1375	97	97	0	126	115	130	0	117	249	325	0	1132
20:30:00	73800	421	544	0	1252	87	105	0	108	121	97	0	141	213	342	0	1003
20:35:00	74100	406	476	0	1182	84	92	0	100	93	132	0	102	229	252	0	980
20:40:00	74400	387	442	0	1127	84	83	0	101	98	98	0	102	205	261	0	924
20:45:00	74700	358	401	0	1084	90	85	0	106	99	91	0	110	169	225	0	868
20:50:00	75000	341	372	0	1053	81	84	0	103	76	98	0	88	184	190	0	862
20:55:00	75300	319	365	0	1007	71	82	0	92	78	80	0	86	170	203	0	829
21:00:00	75600	188	324	0	871	13	67	0	38	75	77	0	84	100	180	0	749
21:05:00	75900	173	255	0	789	7	26	0	19	67	77	0	74	99	152	0	696
21:10:00	76200	132	235	0	686	14	17	0	16	47	62	0	59	71	156	0	611
21:15:00	76500	116	206	0	596	11	14	0	13	35	58	0	36	70	134	0	547
21:20:00	76800	85	156	0	525	8	11	0	10	36	36	0	36	41	109	0	479
21:25:00	77100	67	141	0	451	7	9	0	8	22	24	0	34	38	108	0	409
21:30:00	77400	62	116	0	397	6	8	0	6	12	34	0	12	44	74	0	379
21:35:00	77700	38	92	0	343	5	5	0	6	15	13	0	14	18	74	0	323
21:40:00	78000	35	75	0	303	3	6	0	3	10	11	0	13	22	58	0	287
21:45:00	78300	24	63	0	264	1	4	0	0	9	11	0	11	14	48	0	253
21:50:00	78600	23	58	0	229	1	0	0	1	9	9	0	11	13	49	0	217
21:55:00	78900	18	46	0	201	0	1	0	0	7	8	0	10	11	37	0	191
22:00:00	79200	16	41	0	176	1	0	0	1	5	7	0	8	10	34	0	167
22:05:00	79500	16	37	0	155	0	1	0	0	9	7	0	10	7	29	0	145
22:10:00	79800	9	24	0	140	0	0	0	0	0	7	0	3	9	17	0	137
22:15:00	80100	5	14	0	131	0	0	0	0	0	3	0	0	5	11	0	131
22:20:00	80400	1	12	0	120	0	0	0	0	1	0	0	1	0	12	0	119
22:25:00	80700	3	12	0	111	2	0	0	2	0	1	0	0	1	11	0	109
22:30:00	81000	2	14	0	99	0	2	0	0	1	0	0	1	1	12	0	98
22:35:00	81300	4	9	0	94	1	1	0	0	0	1	0	0	3	7	0	94
22:40:00	81600	1	10	0	85	0	0	0	0	0	0	0	0	1	10	0	85
22:45:00	81900	0	11	0	74	0	0	0	0	0	0	0	0	0	11	0	74
22:50:00	82200	1	7	0	68	0	0	0	0	0	0	0	0	1	7	0	68
22:55:00	82500	0	8	0	60	0	0	0	0	0	0	0	0	0	8	0	60
23:00:00	82800	0	4	0	56	0	0	0	0	0	0	0	0	0	4	0	56
23:05:00	83100	0	4	0	52	0	0	0	0	0	0	0	0	0	4	0	52
23:10:00	83400	0	2	0	50	0	0	0	0	0	0	0	0	0	2	0	50
23:15:00	83700	0	6	0	44	0	0	0	0	0	0	0	0	0	6	0	44
23:20:00	84000	0	1	0	43	0	0	0	0	0	0	0	0	0	1	0	43
23:25:00	84300	0	2	0	41	0	0	0	0	0	0	0	0	0	2	0	41
23:30:00	84600	1	5	0	37	0	0	0	0	0	0	0	0	1	5	0	37
23:35:00	84900	0	4	0	33	0	0	0	0	0	0	0	0	0	4	0	33
23:40:00	85200	1	3	0	31	0	0	0	0	0	0	0	0	1	3	0	31
23:45:00	85500	0	2	0	29	0	0	0	0	0	0	0	0	0	2	0	29
23:50:00	85800	0	0	0	29	0	0	0	0	0	0	0	0	0	0	0	29
23:55:00	86100	0	1	0	28	0	0	0	0	0	0	0	0	0	1	0	28
24:00:00	86400	0	2	0	26	0	0	0	0	0	0	0	0	0	2	0	26
24:05:00	86700	0	3	0	23	0	0	0	0	0	0	0	0	0	3	0	23
24:10:00	87000	0	1	0	22	0	0	0	0	0	0	0	0	0	1	0	22
24:15:00	87300	0	0	0	22	0	0	0	0	0	0	0	0	0	0	0	22
24:20:00	87600	0	2	0	20	0	0	0	0	0	0	0	0	0	2	0	20
24:25:00	87900	0	2	0	18	0	0	0	0	0	0	0	0	0	2	0	18
24:30:00	88200	0	1	0	17	0	0	0	0	0	0	0	0	0	1	0	17
24:35:00	88500	0	1	0	16	0	0	0	0	0	0	0	0	0	1	0	16
24:40:00	88800	0	2	0	14	0	0	0	0	0	0	0	0	0	2	0	14
24:45:00	89100	0	1	0	13	0	0	0	0	0	0	0	0	0	1	0	13
24:50:00	89400	0	0	0	13	0	0	0	0	0	0	0	0	0	0	0	13
24:55:00	89700	0	1	0	12	0	0	0	0	0	0	0	0	0	1	0	12
25:00:00	90000	0	0	0	12	0	0	0	0	0	0	0	0	0	0	0	12
25:05:00	90300	0	1	0	11	0	0	0	0	0	0	0	0	0	1	0	11
25:10:00	90600	0	0	0	11	0	0	0	0	0	0	0	0	0	0	0	11
25:15:00	90900	0	0	0	11	0	0	0	0	0	0	0	0	0	0	0	11
25:20:00	91200	0	0	0	11	0	0	0	0	0	0	0	0	0	0	0	11
25:25:00	91500	0	1	0	10	0	0	0	0	0	0	0	0	0	1	0	10
25:30:00	91800	0	1	0	9	0	0	0	0	0	0	0	0	0	1	0	9
25:35:00	92100	0	0	0	9	0	0	0	0	0	0	0	0	0	0	0	9
25:40:00	92400	0	1	0	8	0	0	0	0	0	0	0	0	0	1	0	8
25:45:00	92700	0	1	0	7	0	0	0	0	0	0	0	0	0	1	0	7
25:50:00	93000	0	1	0	6	0	0	0	0	0	0	0	0	0	1	0	6
25:55:00	93300	0	0	0	6	0	0	0	0	0	0	0	0	0	0	0	6
26:00:00	93600	0	1	0	5	0	0	0	0	0	0	0	0	0	1	0	5
26:05:00	93900	0	0	0	5	0	0	0	0	0	0	0	0	0	0	0	5
26:10:00	94200	0	1	0	4	0	0	0	0	0	0	0	0	0	1	0	4
26:15:00	94500	0	0	0	4	0	0	0	0	0	0	0	0	0	0	0	4
26:20:00	94800	0	0	0	4	0	0	0	0	0	0	0	0	0	0	0	4
26:25:00	95100	0	0	0	4	0	0	0	0	0	0	0	0	0	0	0	4
26:30:00	95400	0	0	0	4	0	0	0	0	0	0	0	0	0	0	0	4
26:35:00	95700	0	1	0	3	0	0	0	0	0	0	0	0	0	1	0	3
26:40:00	96000	0	1	0	2	0	0	0	0	0	0	0	0	0	1	0	2
26:45:00	96300	0	1	0	1	0	0	0	0	0	0	0	0	0	1	0	1
26:50:00	96600	0	0	0	1	0	0	0	0	0	0	0	0	0	0	0	1
26:55:00	96900	0	0	0	1	0	0	0	0	0	0	0	0	0	0	0	1
27:00:00	97200	0	0	0	1	0	0	0	0	0	0	0	0	0	0	0	1
27:05:00	97500	0	0	0	1	0	0	0	0	0	0	0	0	0	0	0	1
27:10:00	97800	0	0	0	1	0	0	0	0	0	0	0	0	0	0	0	1
27:15:00	98100	0	0	0	1	0	0	0	0	0	0	0	0	0	0	0	1
27:20:00	98400	0	0	0	1	0	0	0	0	0	0	0	0	0	0	0	1
27:25:00	98700	0	0	0	1	0	0	0	0	0	0	0	0	0	0	0	1
27:30:00	99000	0	0	0	1	0	0	0	0	0	0	0	0	0	0	0	1
27:35:00	99300	0	0	0	1	0	0	0	0	0	0	0	0	0	0	0	1
27:40:00	99600	0	0	0	1	0	0	0	0	0	0	0	0	0	0	0	1
27:45:00	99900	0	1	0	0	0	0	0	0	0	0	0	0	0	1	0	0
27:50:00	100200	0	0	0	0	0	0	0	0	0	0	0	0	0	0	0	0
27:55:00	100500	0	0	0	0	0	0	0	0	0	0	0	0	0	0	0	0
28:00:00	100800	0	0	0	0	0	0	0	0	0	0	0	0	0	0	0	0
28:05:00	101100	0	0	0	0	0	0	0	0	0	0	0	0	0	0	0	0
28:10:00	101400	0	0	0	0	0	0	0	0	0	0	0	0	0	0	0	0
28:15:00	101700	0	0	0	0	0	0	0	0	0	0	0	0	0	0	0	0
28:20:00	102000	0	0	0	0	0	0	0	0	0	0	0	0	0	0	0	0
28:25:00	102300	0	0	0	0	0	0	0	0	0	0	0	0	0	0	0	0
28:30:00	102600	0	0	0	0	0	0	0	0	0	0	0	0	0	0	0	0
28:35:00	102900	0	0	0	0	0	0	0	0	0	0	0	0	0	0	0	0
28:40:00	103200	0	0	0	0	0	0	0	0	0	0	0	0	0	0	0	0
28:45:00	103500	0	0	0	0	0	0	0	0	0	0	0	0	0	0	0	0
28:50:00	103800	0	0	0	0	0	0	0	0	0	0	0	0	0	0	0	0
28:55:00	104100	0	0	0	0	0	0	0	0	0	0	0	0	0	0	0	0
29:00:00	104400	0	0	0	0	0	0	0	0	0	0	0	0	0	0	0	0
29:05:00	104700	0	0	0	0	0	0	0	0	0	0	0	0	0	0	0	0
29:10:00	105000	0	0	0	0	0	0	0	0	0	0	0	0	0	0	0	0
29:15:00	105300	0	0	0	0	0	0	0	0	0	0	0	0	0	0	0	0
29:20:00	105600	0	0	0	0	0	0	0	0	0	0	0	0	0	0	0	0
29:25:00	105900	0	0	0	0	0	0	0	0	0	0	0	0	0	0	0	0
29:30:00	106200	0	0	0	0	0	0	0	0	0	0	0	0	0	0	0	0
29:35:00	106500	0	0	0	0	0	0	0	0	0	0	0	0	0	0	0	0
29:40:00	106800	0	0	0	0	0	0	0	0	0	0	0	0	0	0	0	0
29:45:00	107100	0	0	0	0	0	0	0	0	0	0	0	0	0	0	0	0
29:50:00	107400	0	0	0	0	0	0	0	0	0	0	0	0	0	0	0	0
29:55:00	107700	0	0	0	0	0	0	0	0	0	0	0	0	0	0	0	0
30:00:00	108000	0	0	0	0	0	0	0	0	0	0	0	0	0	0	0	0
30:05:00	108300	0	0	0	0	0	0	0	0	0	0	0	0	0	0	0	0
