ITERATION	avg. EXECUTED	avg. WORST	avg. AVG	avg. BEST
0	-36.81342128845238	-36.81342128845238	-36.81342128845238	-36.81342128845238
1	-33.380379028849305	-36.41372986772999	-34.81821740764031	-33.22270494755068
2	-18.383040823717277	-27.447740057070167	-22.70356269925643	-17.812924679967324
3	6.191238550836754	-13.47890452651048	-3.649827098273288	6.382687650336671
4	6.858420150115689	-13.409534591913319	-2.720933729603459	7.183456037412713
5	7.462244383742864	-13.363562259403723	-1.8883547634694728	7.918774866773838
6	7.967181512083372	-13.345872297319227	-1.1715713777656929	8.544144239825894
7	8.382283995949267	-13.33975181199569	-0.5308542440284229	9.104140264920801
8	8.803194529085449	-13.334847655953167	0.06361997128409719	9.65207501049988
9	9.145088991274473	-13.322691180458014	0.5952818926095315	10.124524225824747
10	9.460751724032182	-13.296014344600902	1.0891986000889298	10.57782576440702
11	9.746844448069966	-13.22825522197435	1.554097021956553	10.996455612354683
12	10.028240360675733	-13.10913133824464	1.990911165107245	11.39308124743077
13	10.296670576861604	-12.944534759855749	2.4139263691737	11.774480785648766
14	10.519455990781736	-12.70557013057012	2.804507016127717	12.110257405951552
15	10.755480872529638	-12.406231658583756	3.2003310040807995	12.437619792989462
16	10.959194121404515	-12.006831643413797	3.583871955331278	12.752098303670971
17	11.13183919822119	-11.581151192554472	3.9517728696180128	13.037687981295026
18	11.330912557380884	-11.046193333379282	4.326625947478719	13.312409217438002
19	11.515377380421217	-10.456792339991559	4.693659091269682	13.568896955541076
20	11.70198272122509	-9.821758360695481	5.049659581398598	13.80554513711374
21	11.841983743458854	-9.095511160987007	5.411515383800929	14.041942652457523
22	11.988005061860429	-8.330760469670068	5.770660553829879	14.260053561789052
23	12.12054739615844	-7.509689891235784	6.12076101614539	14.457370718606741
24	12.284855244274032	-6.688357042152312	6.472801625727385	14.650759706281647
25	12.425799104200014	-5.84036486656965	6.815003873956314	14.823953105883128
26	12.575094480617084	-5.017611348875809	7.153901167155218	15.00103429283957
27	12.709112794560598	-4.196934053445548	7.47746115987523	15.166745820914509
28	12.83873542465252	-3.4264931382545676	7.78950196446876	15.319546371689317
29	12.955276129554196	-2.6540971306146455	8.09354388817176	15.460796238318665
30	13.076712794173037	-1.9106250661707904	8.390767562509515	15.591887927465745
31	13.174596636488136	-1.1916498460550777	8.67897990658929	15.71904702426928
32	13.282846398333751	-0.44665622236117725	8.968598432104436	15.837083412015177
33	13.406623237316857	0.23563130233442292	9.24274726055019	15.95104839912504
34	13.51806195398315	0.9189133455030203	9.512353596102926	16.060040165182023
35	13.633094078134421	1.5490385805023956	9.77455458609872	16.16893829998971
36	13.728733172452133	2.118235572471382	10.021149561148311	16.266412819472198
37	13.842533268311467	2.7024816623924663	10.265045540280942	16.360521845518875
38	13.960188247779103	3.2450995480761766	10.501370329952898	16.448544335285828
39	14.05696623626839	3.7384321085366863	10.725491565261537	16.534041123365487
40	14.145807595027298	4.232348442260191	10.949927127935755	16.617462521703516
41	14.235848441279122	4.675518856381342	11.1601377201064	16.695547721608587
42	14.342769867030174	5.118994942404704	11.369916212441018	16.76986858299353
43	14.429287472697693	5.546696975042221	11.572924538724262	16.841995151125097
44	14.53476521015382	5.945184370678294	11.769722715471964	16.91048690990387
45	14.618076023178238	6.317301842724049	11.956799073103268	16.971407655367603
46	14.688646830897584	6.664459613855097	12.13991651686077	17.027436284413046
47	14.775104934149091	7.0112103588598345	12.319920386161417	17.084384404996825
48	14.85266255922224	7.3274757558979715	12.492502596944806	17.144038379252397
49	14.928739349452497	7.608988499949049	12.65741863968747	17.19549066178224
50	14.988140945534518	7.9019263201403716	12.819789905252746	17.249755244523595
51	15.080957392551776	8.191087861016092	12.979232951317774	17.29643336913254
52	15.153541046754187	8.467462069150537	13.133169480557287	17.337965517188668
53	15.226978932535932	8.718112857091612	13.28149513141163	17.380533467835317
54	15.29408097167568	8.970934046634264	13.426510678124096	17.421352545709805
55	15.352350497898728	9.215265771950232	13.568785787448592	17.465240952968802
56	15.436215539723122	9.465555110057116	13.710614396157796	17.504279744239522
57	15.486398521900055	9.694681344819191	13.846638072883785	17.539739233342928
58	15.545234734386948	9.917030726003748	13.978134781520533	17.572027104211625
59	15.583213257323713	10.125776427634014	14.103517518578014	17.60726841267767
60	15.650328988725441	10.356213549930729	14.232162070037624	17.64018420681583
61	15.727673727173483	10.557297799770911	14.354238627705158	17.66922204819424
62	15.777675947925788	10.765425560388229	14.472055277069362	17.7001003053119
63	15.841462038736015	10.957715787263467	14.58690581929752	17.726541587142723
64	15.887239585137246	11.146114923894997	14.697903484409107	17.75520644972128
65	15.925202617294186	11.31549231758196	14.804456809022907	17.781623393967077
66	15.97830764159231	11.490692991469325	14.90798989893538	17.806715147044226
67	16.00125847570831	11.677141217053855	15.00857934936673	17.8284274490531
68	16.05598259573348	11.844099524303775	15.109270005625293	17.851506374048753
69	16.111026766350864	12.021781345099972	15.207739814884897	17.871226281478684
70	16.139303800408833	12.179802127815645	15.301509985862854	17.891493892397747
71	16.175271612170857	12.337094831509871	15.39276780497999	17.910857798525367
72	16.221186114187923	12.475232114908472	15.48090198164901	17.92950495589612
73	16.25074147678901	12.61742546616092	15.563586699969692	17.946689637563388
74	16.308563416703674	12.773317125213733	15.65078643000707	17.962992743392114
75	16.366839332127352	12.914440487542853	15.734130043280787	17.980550120336797
76	16.39086247420221	13.052664006528687	15.811342014777958	17.99438388527261
77	16.421815367106785	13.177210549382286	15.885739017383004	18.009782640665787
78	16.46207998443402	13.318239465507684	15.96071896648246	18.024484307452177
79	16.49964529381642	13.46862538933751	16.03635942541919	18.037589229307507
80	16.529381469629005	13.585527390888533	16.10353156340996	18.052589270476773
81	16.57198201205643	13.707318209637693	16.171587481573045	18.065178697238164
82	16.603192374068723	13.820561458039812	16.23600339796329	18.07773035596789
83	16.627145738528803	13.938673403479445	16.298531229242506	18.090114045253543
84	16.665234990506328	14.05764770788794	16.360803895291752	18.10288346786752
85	16.68839011606912	14.161464431989224	16.420232479327666	18.116365145394823
86	16.7265153494381	14.2668605970916	16.478227940173507	18.12689242969566
87	16.754822233852014	14.376196689386072	16.534488910488616	18.1365828387525
88	16.775683130684882	14.469840640787291	16.588097466587417	18.14812793836624
89	16.816842232513725	14.58332766736101	16.643952149590252	18.15774744281706
90	16.829890621299274	14.662815219844642	16.69268330333607	18.169535025311575
91	16.857487552324383	14.74821651311272	16.740449928862635	18.180066589357427
92	16.87891038716195	14.839608310798422	16.78931767043654	18.190714593752265
93	16.902891596549576	14.931469939980314	16.836335979811935	18.199118336926414
94	16.93305692859839	15.01872063414238	16.882162831203008	18.20755947614184
95	16.963366253981416	15.112806546001782	16.927475752237854	18.21574063696086
96	16.98533163072524	15.187389097592693	16.96883326503029	18.222685511867937
97	16.98776443552097	15.242688305491704	17.006650491148225	18.2286930170476
98	17.016377242477137	15.33641635926221	17.048502396718185	18.236370416941252
99	17.0434730039258	15.417946660455186	17.088337815294366	18.24385603106327
100	17.053971766063558	15.475872039821764	17.12373429691977	18.251163233018598
101	17.077513532642385	15.545786536517026	17.160619716244657	18.25880870252209
102	17.10899916467214	15.62124213074134	17.196871973730772	18.265419288477467
103	17.134736035917832	15.699610777925754	17.23244796197438	18.27198960090164
104	17.133146964489303	15.742304552536552	17.26278917810374	18.277366517143758
105	17.157270376780286	15.803109098166914	17.29477095966324	18.283609690382356
106	17.166304463778204	15.856448742415896	17.324248193331186	18.289619159279535
107	17.178249682281844	15.912687360907412	17.352434711311336	18.294990746136502
108	17.214561915570858	15.985396044589631	17.383787074873794	18.301070330035405
109	17.215022325928615	16.023035406025606	17.409505234617612	18.306474339255253
110	17.239216692563748	16.083244096101584	17.437701068243452	18.311518780772772
111	17.242566057124385	16.134978749371115	17.46385555760676	18.316611024083205
112	17.25768386438366	16.177036962264197	17.489441799045476	18.321360883303445
113	17.264165875841883	16.214163032793174	17.51275039378121	18.326228404427024
114	17.31381044354709	16.29035622872791	17.54205974105937	18.332003398665524
115	17.300332251958842	16.31144796759944	17.561237829806718	18.336783840462193
116	17.327356226227785	16.36339389415422	17.585010847535774	18.339823125585784
117	17.342639770451836	16.40253022447285	17.60617334903336	18.343671560234807
118	17.361677596945068	16.443927710486264	17.627607376924377	18.34711871829296
119	17.34117566295412	16.453655125197646	17.643790068867578	18.35124861728762
120	17.372963160013803	16.510942871473684	17.667261274761422	18.355518375572977
121	17.390165203299965	16.550834850323117	17.68697737185607	18.359554358376464
122	17.418983897827953	16.596174114608587	17.707385536396874	18.36306573128804
123	17.42093123578607	16.61987752467835	17.724556876444655	18.36681225047207
124	17.4269097449068	16.657092761331768	17.742322914460136	18.369678704818803
125	17.454555329789468	16.708796778783306	17.762596534552962	18.373219048272798
126	17.44685464757365	16.726709773945757	17.777022821863355	18.376974976648793
127	17.444266086512922	16.746494877039193	17.791123002136693	18.38003836934521
128	17.474084990823926	16.794397852939763	17.81039963804609	18.383078797756315
129	17.480745233923184	16.81442312956667	17.824961840544525	18.38605885765417
130	17.472026401392515	16.82471791286748	17.83780917958135	18.388723657626528
131	17.496536825131354	16.867360894531817	17.854522384311235	18.39094188059695
132	17.491858326699585	16.883854067017506	17.866723944995982	18.39301623749592
133	17.511717488452405	16.917606382398606	17.88225677957743	18.39592012691001
134	17.525164553822613	16.94961324880912	17.89667473514197	18.399042986622902
135	17.539415399071974	16.97847655852125	17.909991747761055	18.401642195211227
136	17.53583935647698	16.988232180127184	17.92053972664481	18.404301528472786
137	17.535648760843618	17.00432857534217	17.93210284957582	18.40646061357182
138	17.542531777668362	17.023650279948825	17.943457611531407	18.408474101524476
139	17.59330711246856	17.087853605631064	17.960953142972546	18.41110333359534
140	17.57199954236259	17.081027097287233	17.968499658243015	18.413996934019877
141	17.576871981974133	17.104299524231603	17.97967782069764	18.41602714870929
142	17.594769978569015	17.131790357246857	17.991915759924588	18.41828420067222
143	17.589737891564134	17.143782108584602	18.00074635480574	18.42041890718953
144	17.590609491584384	17.15823209168476	18.009983270174633	18.422174803476757
145	17.59812958490347	17.174110355401105	18.0196004942138	18.424272477946708
146	17.602608964483267	17.18944685982852	18.028644875363767	18.42601604791931
147	17.63046461849118	17.228502430249456	18.04089941252273	18.427818527044042
148	17.630709558401914	17.235178004618593	18.048898646973292	18.42975240458114
149	17.63117604776413	17.250650384509598	18.05699868935767	18.43163619703555
150	17.64805793912004	17.278578277459218	18.067307817799897	18.433473801467265
