time	time	departures_all	arrivals_all	stuck_all	en-route_all	departures_car	arrivals_car	stuck_car	en-route_car	departures_pt	arrivals_pt	stuck_pt	en-route_pt	departures_walk	arrivals_walk	stuck_walk	en-route_walk
00:00:00	0	0	0	0	0	0	0	0	0	0	0	0	0	0	0	0	0
00:05:00	300	0	0	0	0	0	0	0	0	0	0	0	0	0	0	0	0
00:10:00	600	0	0	0	0	0	0	0	0	0	0	0	0	0	0	0	0
00:15:00	900	0	0	0	0	0	0	0	0	0	0	0	0	0	0	0	0
00:20:00	1200	0	0	0	0	0	0	0	0	0	0	0	0	0	0	0	0
00:25:00	1500	0	0	0	0	0	0	0	0	0	0	0	0	0	0	0	0
00:30:00	1800	0	0	0	0	0	0	0	0	0	0	0	0	0	0	0	0
00:35:00	2100	0	0	0	0	0	0	0	0	0	0	0	0	0	0	0	0
00:40:00	2400	0	0	0	0	0	0	0	0	0	0	0	0	0	0	0	0
00:45:00	2700	0	0	0	0	0	0	0	0	0	0	0	0	0	0	0	0
00:50:00	3000	0	0	0	0	0	0	0	0	0	0	0	0	0	0	0	0
00:55:00	3300	0	0	0	0	0	0	0	0	0	0	0	0	0	0	0	0
01:00:00	3600	0	0	0	0	0	0	0	0	0	0	0	0	0	0	0	0
01:05:00	3900	0	0	0	0	0	0	0	0	0	0	0	0	0	0	0	0
01:10:00	4200	0	0	0	0	0	0	0	0	0	0	0	0	0	0	0	0
01:15:00	4500	0	0	0	0	0	0	0	0	0	0	0	0	0	0	0	0
01:20:00	4800	0	0	0	0	0	0	0	0	0	0	0	0	0	0	0	0
01:25:00	5100	0	0	0	0	0	0	0	0	0	0	0	0	0	0	0	0
01:30:00	5400	0	0	0	0	0	0	0	0	0	0	0	0	0	0	0	0
01:35:00	5700	0	0	0	0	0	0	0	0	0	0	0	0	0	0	0	0
01:40:00	6000	0	0	0	0	0	0	0	0	0	0	0	0	0	0	0	0
01:45:00	6300	0	0	0	0	0	0	0	0	0	0	0	0	0	0	0	0
01:50:00	6600	0	0	0	0	0	0	0	0	0	0	0	0	0	0	0	0
01:55:00	6900	0	0	0	0	0	0	0	0	0	0	0	0	0	0	0	0
02:00:00	7200	0	0	0	0	0	0	0	0	0	0	0	0	0	0	0	0
02:05:00	7500	0	0	0	0	0	0	0	0	0	0	0	0	0	0	0	0
02:10:00	7800	0	0	0	0	0	0	0	0	0	0	0	0	0	0	0	0
02:15:00	8100	0	0	0	0	0	0	0	0	0	0	0	0	0	0	0	0
02:20:00	8400	0	0	0	0	0	0	0	0	0	0	0	0	0	0	0	0
02:25:00	8700	0	0	0	0	0	0	0	0	0	0	0	0	0	0	0	0
02:30:00	9000	0	0	0	0	0	0	0	0	0	0	0	0	0	0	0	0
02:35:00	9300	0	0	0	0	0	0	0	0	0	0	0	0	0	0	0	0
02:40:00	9600	0	0	0	0	0	0	0	0	0	0	0	0	0	0	0	0
02:45:00	9900	0	0	0	0	0	0	0	0	0	0	0	0	0	0	0	0
02:50:00	10200	0	0	0	0	0	0	0	0	0	0	0	0	0	0	0	0
02:55:00	10500	0	0	0	0	0	0	0	0	0	0	0	0	0	0	0	0
03:00:00	10800	0	0	0	0	0	0	0	0	0	0	0	0	0	0	0	0
03:05:00	11100	0	0	0	0	0	0	0	0	0	0	0	0	0	0	0	0
03:10:00	11400	0	0	0	0	0	0	0	0	0	0	0	0	0	0	0	0
03:15:00	11700	0	0	0	0	0	0	0	0	0	0	0	0	0	0	0	0
03:20:00	12000	0	0	0	0	0	0	0	0	0	0	0	0	0	0	0	0
03:25:00	12300	0	0	0	0	0	0	0	0	0	0	0	0	0	0	0	0
03:30:00	12600	0	0	0	0	0	0	0	0	0	0	0	0	0	0	0	0
03:35:00	12900	0	0	0	0	0	0	0	0	0	0	0	0	0	0	0	0
03:40:00	13200	0	0	0	0	0	0	0	0	0	0	0	0	0	0	0	0
03:45:00	13500	0	0	0	0	0	0	0	0	0	0	0	0	0	0	0	0
03:50:00	13800	0	0	0	0	0	0	0	0	0	0	0	0	0	0	0	0
03:55:00	14100	0	0	0	0	0	0	0	0	0	0	0	0	0	0	0	0
04:00:00	14400	0	0	0	0	0	0	0	0	0	0	0	0	0	0	0	0
04:05:00	14700	0	0	0	0	0	0	0	0	0	0	0	0	0	0	0	0
04:10:00	15000	0	0	0	0	0	0	0	0	0	0	0	0	0	0	0	0
04:15:00	15300	0	0	0	0	0	0	0	0	0	0	0	0	0	0	0	0
04:20:00	15600	0	0	0	0	0	0	0	0	0	0	0	0	0	0	0	0
04:25:00	15900	0	0	0	0	0	0	0	0	0	0	0	0	0	0	0	0
04:30:00	16200	0	0	0	0	0	0	0	0	0	0	0	0	0	0	0	0
04:35:00	16500	0	0	0	0	0	0	0	0	0	0	0	0	0	0	0	0
04:40:00	16800	0	0	0	0	0	0	0	0	0	0	0	0	0	0	0	0
04:45:00	17100	0	0	0	0	0	0	0	0	0	0	0	0	0	0	0	0
04:50:00	17400	0	0	0	0	0	0	0	0	0	0	0	0	0	0	0	0
04:55:00	17700	0	0	0	0	0	0	0	0	0	0	0	0	0	0	0	0
05:00:00	18000	0	0	0	0	0	0	0	0	0	0	0	0	0	0	0	0
05:05:00	18300	0	0	0	0	0	0	0	0	0	0	0	0	0	0	0	0
05:10:00	18600	1	0	0	1	0	0	0	0	0	0	0	0	1	0	0	1
05:15:00	18900	3	1	0	3	1	0	0	1	1	0	0	1	1	1	0	1
05:20:00	19200	3	1	0	5	2	1	0	2	0	0	0	1	1	0	0	2
05:25:00	19500	6	2	0	9	5	2	0	5	0	0	0	1	1	0	0	3
05:30:00	19800	5	3	0	11	5	3	0	7	0	0	0	1	0	0	0	3
05:35:00	20100	5	6	0	10	4	6	0	5	0	0	0	1	1	0	0	4
05:40:00	20400	13	3	0	20	10	3	0	12	0	0	0	1	3	0	0	7
05:45:00	20700	20	8	0	32	16	7	0	21	1	0	0	2	3	1	0	9
05:50:00	21000	33	25	0	40	25	24	0	22	1	0	0	3	7	1	0	15
05:55:00	21300	42	22	0	60	33	20	0	35	2	0	0	5	7	2	0	20
06:00:00	21600	59	46	0	73	37	37	0	35	5	3	0	7	17	6	0	31
06:05:00	21900	81	36	0	118	51	31	0	55	0	5	0	2	30	0	0	61
06:10:00	22200	118	72	0	164	77	57	0	75	7	3	0	6	34	12	0	83
06:15:00	22500	227	98	0	293	153	81	0	147	7	6	0	7	67	11	0	139
06:20:00	22800	315	160	0	448	217	132	0	232	15	8	0	14	83	20	0	202
06:25:00	23100	382	261	0	569	246	216	0	262	23	16	0	21	113	29	0	286
06:30:00	23400	531	327	0	773	344	260	0	346	38	20	0	39	149	47	0	388
06:35:00	23700	662	415	0	1020	432	308	0	470	47	40	0	46	183	67	0	504
06:40:00	24000	786	587	0	1219	480	449	0	501	53	54	0	45	253	84	0	673
06:45:00	24300	949	656	0	1512	605	480	0	626	75	50	0	70	269	126	0	816
06:50:00	24600	1180	799	0	1893	731	586	0	771	79	79	0	70	370	134	0	1052
06:55:00	24900	1439	958	0	2374	871	704	0	938	107	79	0	98	461	175	0	1338
07:00:00	25200	1962	1238	0	3098	1201	910	0	1229	121	108	0	111	640	220	0	1758
07:05:00	25500	2709	1563	0	4244	1645	1176	0	1698	164	112	0	163	900	275	0	2383
07:10:00	25800	3786	2155	0	5875	2261	1600	0	2359	238	170	0	231	1287	385	0	3285
07:15:00	26100	4751	2570	0	8056	2811	1904	0	3266	280	209	0	302	1660	457	0	4488
07:20:00	26400	5785	2988	0	10853	3312	2087	0	4491	426	257	0	471	2047	644	0	5891
07:25:00	26700	6457	3329	0	13981	3668	2222	0	5937	490	348	0	613	2299	759	0	7431
07:30:00	27000	6554	3587	0	16948	3610	2216	0	7331	609	365	0	857	2335	1006	0	8760
07:35:00	27300	6398	3837	0	19509	3394	2182	0	8543	696	496	0	1057	2308	1159	0	9909
07:40:00	27600	5526	4236	0	20799	2740	2290	0	8993	814	480	0	1391	1972	1466	0	10415
07:45:00	27900	4830	4282	0	21347	2302	2186	0	9109	795	542	0	1644	1733	1554	0	10594
07:50:00	28200	4163	4481	0	21029	1723	2038	0	8794	811	764	0	1691	1629	1679	0	10544
07:55:00	28500	3281	4311	0	19999	1269	1904	0	8159	715	643	0	1763	1297	1764	0	10077
08:00:00	28800	2777	4101	0	18675	999	1710	0	7448	689	611	0	1841	1089	1780	0	9386
08:05:00	29100	2341	4170	0	16846	772	1755	0	6465	510	714	0	1637	1059	1701	0	8744
08:10:00	29400	2069	3771	0	15144	649	1431	0	5683	474	608	0	1503	946	1732	0	7958
08:15:00	29700	1762	3537	0	13369	590	1369	0	4904	403	521	0	1385	769	1647	0	7080
08:20:00	30000	1729	3580	0	11518	527	1418	0	4013	377	581	0	1181	825	1581	0	6324
08:25:00	30300	1454	3053	0	9919	464	1163	0	3314	311	461	0	1031	679	1429	0	5574
08:30:00	30600	1312	2756	0	8475	385	970	0	2729	282	449	0	864	645	1337	0	4882
08:35:00	30900	1009	2135	0	7349	300	679	0	2350	274	268	0	870	435	1188	0	4129
08:40:00	31200	921	1947	0	6323	230	615	0	1965	186	359	0	697	505	973	0	3661
08:45:00	31500	795	1697	0	5421	227	547	0	1645	182	261	0	618	386	889	0	3158
08:50:00	31800	718	1551	0	4588	153	498	0	1300	187	261	0	544	378	792	0	2744
08:55:00	32100	773	1487	0	3874	170	476	0	994	182	311	0	415	421	700	0	2465
09:00:00	32400	873	1403	0	3344	210	459	0	745	199	293	0	321	464	651	0	2278
09:05:00	32700	819	1239	0	2924	215	426	0	534	202	237	0	286	402	576	0	2104
09:10:00	33000	822	1166	0	2580	202	335	0	401	216	219	0	283	404	612	0	1896
09:15:00	33300	781	1055	0	2306	221	334	0	288	145	247	0	181	415	474	0	1837
09:20:00	33600	670	842	0	2134	202	231	0	259	114	173	0	122	354	438	0	1753
09:25:00	33900	602	752	0	1984	185	188	0	256	120	117	0	125	297	447	0	1603
09:30:00	34200	629	691	0	1922	202	203	0	255	132	119	0	138	295	369	0	1529
09:35:00	34500	581	696	0	1807	169	210	0	214	133	124	0	147	279	362	0	1446
09:40:00	34800	598	635	0	1770	167	178	0	203	118	139	0	126	313	318	0	1441
09:45:00	35100	573	595	0	1748	176	155	0	224	122	121	0	127	275	319	0	1397
09:50:00	35400	645	605	0	1788	226	197	0	253	128	112	0	143	291	296	0	1392
09:55:00	35700	610	625	0	1773	188	204	0	237	122	124	0	141	300	297	0	1395
10:00:00	36000	669	621	0	1821	204	196	0	245	133	127	0	147	332	298	0	1429
10:05:00	36300	630	617	0	1834	192	195	0	242	119	140	0	126	319	282	0	1466
10:10:00	36600	679	627	0	1886	230	216	0	256	129	117	0	138	320	294	0	1492
10:15:00	36900	649	664	0	1871	202	226	0	232	142	120	0	160	305	318	0	1479
10:20:00	37200	667	631	0	1907	193	186	0	239	129	149	0	140	345	296	0	1528
10:25:00	37500	642	639	0	1910	189	182	0	246	150	134	0	156	303	323	0	1508
10:30:00	37800	657	658	0	1909	189	203	0	232	131	143	0	144	337	312	0	1533
10:35:00	38100	618	624	0	1903	190	186	0	236	137	131	0	150	291	307	0	1517
10:40:00	38400	636	649	0	1890	198	196	0	238	125	142	0	133	313	311	0	1519
10:45:00	38700	636	650	0	1876	212	198	0	252	131	128	0	136	293	324	0	1488
10:50:00	39000	616	648	0	1844	204	212	0	244	121	123	0	134	291	313	0	1466
10:55:00	39300	591	605	0	1830	176	190	0	230	127	117	0	144	288	298	0	1456
11:00:00	39600	613	594	0	1849	196	192	0	234	106	126	0	124	311	276	0	1491
11:05:00	39900	633	631	0	1851	204	195	0	243	127	109	0	142	302	327	0	1466
11:10:00	40200	628	628	0	1851	212	207	0	248	118	131	0	129	298	290	0	1474
11:15:00	40500	614	604	0	1861	179	194	0	233	121	126	0	124	314	284	0	1504
11:20:00	40800	625	589	0	1897	211	185	0	259	124	121	0	127	290	283	0	1511
11:25:00	41100	641	620	0	1918	196	215	0	240	131	107	0	151	314	298	0	1527
11:30:00	41400	657	690	0	1885	183	219	0	204	158	146	0	163	316	325	0	1518
11:35:00	41700	682	661	0	1906	189	178	0	215	148	157	0	154	345	326	0	1537
11:40:00	42000	661	664	0	1903	209	181	0	243	143	143	0	154	309	340	0	1506
11:45:00	42300	642	666	0	1879	181	196	0	228	142	148	0	148	319	322	0	1503
11:50:00	42600	656	654	0	1881	180	193	0	215	138	140	0	146	338	321	0	1520
11:55:00	42900	631	612	0	1900	188	180	0	223	149	124	0	171	294	308	0	1506
12:00:00	43200	653	663	0	1890	192	184	0	231	148	144	0	175	313	335	0	1484
12:05:00	43500	687	640	0	1937	241	196	0	276	118	148	0	145	328	296	0	1516
12:10:00	43800	607	662	0	1882	181	215	0	242	123	142	0	126	303	305	0	1514
12:15:00	44100	673	622	0	1933	224	196	0	270	134	111	0	149	315	315	0	1514
12:20:00	44400	629	663	0	1899	193	231	0	232	126	137	0	138	310	295	0	1529
12:25:00	44700	639	655	0	1883	200	187	0	245	131	139	0	130	308	329	0	1508
12:30:00	45000	662	606	0	1939	210	187	0	268	146	113	0	163	306	306	0	1508
12:35:00	45300	664	672	0	1931	208	214	0	262	133	149	0	147	323	309	0	1522
12:40:00	45600	642	646	0	1927	207	217	0	252	125	140	0	132	310	289	0	1543
12:45:00	45900	609	608	0	1928	202	198	0	256	133	116	0	149	274	294	0	1523
12:50:00	46200	656	660	0	1924	215	217	0	254	118	132	0	135	323	311	0	1535
12:55:00	46500	650	640	0	1934	212	209	0	257	128	122	0	141	310	309	0	1536
13:00:00	46800	640	662	0	1912	180	197	0	240	130	148	0	123	330	317	0	1549
13:05:00	47100	622	626	0	1908	175	201	0	214	133	112	0	144	314	313	0	1550
13:10:00	47400	660	596	0	1972	220	173	0	261	137	121	0	160	303	302	0	1551
13:15:00	47700	632	645	0	1959	193	208	0	246	133	139	0	154	306	298	0	1559
13:20:00	48000	676	655	0	1980	206	188	0	264	134	147	0	141	336	320	0	1575
13:25:00	48300	586	611	0	1955	182	205	0	241	117	120	0	138	287	286	0	1576
13:30:00	48600	641	639	0	1957	211	202	0	250	127	122	0	143	303	315	0	1564
13:35:00	48900	611	683	0	1885	195	221	0	224	134	135	0	142	282	327	0	1519
13:40:00	49200	628	624	0	1889	223	211	0	236	120	122	0	140	285	291	0	1513
13:45:00	49500	661	619	0	1931	222	189	0	269	140	122	0	158	299	308	0	1504
13:50:00	49800	637	660	0	1908	207	230	0	246	124	142	0	140	306	288	0	1522
13:55:00	50100	606	602	0	1912	217	186	0	277	118	121	0	137	271	295	0	1498
14:00:00	50400	609	642	0	1879	197	241	0	233	113	117	0	133	299	284	0	1513
14:05:00	50700	610	594	0	1895	203	182	0	254	121	113	0	141	286	299	0	1500
14:10:00	51000	592	626	0	1861	189	211	0	232	119	130	0	130	284	285	0	1499
14:15:00	51300	638	615	0	1884	196	191	0	237	131	124	0	137	311	300	0	1510
14:20:00	51600	635	657	0	1862	188	196	0	229	149	127	0	159	298	334	0	1474
14:25:00	51900	666	649	0	1879	209	189	0	249	131	146	0	144	326	314	0	1486
14:30:00	52200	605	633	0	1851	189	194	0	244	134	128	0	150	282	311	0	1457
14:35:00	52500	627	631	0	1847	200	200	0	244	122	130	0	142	305	301	0	1461
14:40:00	52800	633	624	0	1856	203	221	0	226	117	123	0	136	313	280	0	1494
14:45:00	53100	619	594	0	1881	195	180	0	241	129	129	0	136	295	285	0	1504
14:50:00	53400	625	628	0	1878	199	205	0	235	119	133	0	122	307	290	0	1521
14:55:00	53700	658	614	0	1922	236	209	0	262	136	109	0	149	286	296	0	1511
15:00:00	54000	704	704	0	1922	231	216	0	277	146	155	0	140	327	333	0	1505
15:05:00	54300	607	649	0	1880	185	217	0	245	131	126	0	145	291	306	0	1490
15:10:00	54600	602	642	0	1840	204	201	0	248	115	125	0	135	283	316	0	1457
15:15:00	54900	591	570	0	1861	192	188	0	252	106	117	0	124	293	265	0	1485
15:20:00	55200	625	634	0	1852	191	202	0	241	131	120	0	135	303	312	0	1476
15:25:00	55500	598	590	0	1860	214	206	0	249	122	120	0	137	262	264	0	1474
15:30:00	55800	602	588	0	1874	197	202	0	244	108	127	0	118	297	259	0	1512
15:35:00	56100	626	605	0	1895	197	191	0	250	132	112	0	138	297	302	0	1507
15:40:00	56400	642	598	0	1939	234	201	0	283	108	119	0	127	300	278	0	1529
15:45:00	56700	640	641	0	1938	226	229	0	280	131	116	0	142	283	296	0	1516
15:50:00	57000	686	671	0	1953	210	229	0	261	145	128	0	159	331	314	0	1533
15:55:00	57300	691	648	0	1996	218	229	0	250	126	140	0	145	347	279	0	1601
16:00:00	57600	730	636	0	2090	251	187	0	314	156	127	0	174	323	322	0	1602
16:05:00	57900	769	737	0	2122	250	256	0	308	160	156	0	178	359	325	0	1636
16:10:00	58200	806	773	0	2155	292	266	0	334	160	161	0	177	354	346	0	1644
16:15:00	58500	903	788	0	2270	364	292	0	406	148	167	0	158	391	329	0	1706
16:20:00	58800	881	828	0	2323	372	340	0	438	153	145	0	166	356	343	0	1719
16:25:00	59100	1059	910	0	2472	476	394	0	520	142	156	0	152	441	360	0	1800
16:30:00	59400	1194	981	0	2685	558	464	0	614	168	147	0	173	468	370	0	1898
16:35:00	59700	1368	1102	0	2951	649	538	0	725	200	162	0	211	519	402	0	2015
16:40:00	60000	1462	1217	0	3196	727	640	0	812	196	187	0	220	539	390	0	2164
16:45:00	60300	1601	1353	0	3444	771	722	0	861	207	214	0	213	623	417	0	2370
16:50:00	60600	1800	1473	0	3771	882	792	0	951	255	210	0	258	663	471	0	2562
16:55:00	60900	2098	1595	0	4274	1030	836	0	1145	270	220	0	308	798	539	0	2821
17:00:00	61200	2648	1814	0	5108	1366	1015	0	1496	276	277	0	307	1006	522	0	3305
17:05:00	61500	3463	2199	0	6372	1849	1288	0	2057	359	270	0	396	1255	641	0	3919
17:10:00	61800	4274	2552	0	8094	2309	1597	0	2769	399	279	0	516	1566	676	0	4809
17:15:00	62100	5481	3025	0	10550	3028	1829	0	3968	501	354	0	663	1952	842	0	5919
17:20:00	62400	6428	3376	0	13602	3576	2031	0	5513	584	341	0	906	2268	1004	0	7183
17:25:00	62700	7061	3687	0	16976	3915	2133	0	7295	758	326	0	1338	2388	1228	0	8343
17:30:00	63000	7118	3744	0	20350	3913	2097	0	9111	791	355	0	1774	2414	1292	0	9465
17:35:00	63300	6906	4155	0	23101	3500	2193	0	10418	920	472	0	2222	2486	1490	0	10461
17:40:00	63600	6180	4264	0	25017	2991	2081	0	11328	956	557	0	2621	2233	1626	0	11068
17:45:00	63900	5128	4084	0	26061	2416	1845	0	11899	935	474	0	3082	1777	1765	0	11080
17:50:00	64200	4224	4094	0	26191	1809	1782	0	11926	887	524	0	3445	1528	1788	0	10820
17:55:00	64500	3351	3907	0	25635	1412	1681	0	11657	670	572	0	3543	1269	1654	0	10435
18:00:00	64800	2861	4152	0	24344	1060	1866	0	10851	626	598	0	3571	1175	1688	0	9922
18:05:00	65100	2500	4177	0	22667	941	1990	0	9802	548	541	0	3578	1011	1646	0	9287
18:10:00	65400	2051	4161	0	20557	764	1982	0	8584	455	453	0	3580	832	1726	0	8393
18:15:00	65700	2053	3947	0	18663	712	1816	0	7480	362	608	0	3334	979	1523	0	7849
18:20:00	66000	1635	3435	0	16863	599	1575	0	6504	298	378	0	3254	738	1482	0	7105
18:25:00	66300	1668	3440	0	15091	533	1517	0	5520	289	519	0	3024	846	1404	0	6547
18:30:00	66600	1877	3480	0	13488	452	1266	0	4706	258	918	0	2364	1167	1296	0	6418
18:35:00	66900	1345	2637	0	12196	366	897	0	4175	358	360	0	2362	621	1380	0	5659
18:40:00	67200	1743	2885	0	11054	344	714	0	3805	456	718	0	2100	943	1453	0	5149
18:45:00	67500	1164	2232	0	9986	279	652	0	3432	203	486	0	1817	682	1094	0	4737
18:50:00	67800	1071	2180	0	8877	252	636	0	3048	207	412	0	1612	612	1132	0	4217
18:55:00	68100	1172	2151	0	7898	244	596	0	2696	223	521	0	1314	705	1034	0	3888
19:00:00	68400	993	1848	0	7043	215	540	0	2371	199	395	0	1118	579	913	0	3554
19:05:00	68700	875	1585	0	6333	206	452	0	2125	187	290	0	1015	482	843	0	3193
19:10:00	69000	725	1354	0	5704	213	449	0	1889	126	196	0	945	386	709	0	2870
19:15:00	69300	768	1322	0	5150	178	433	0	1634	143	240	0	848	447	649	0	2668
19:20:00	69600	711	1228	0	4633	186	451	0	1369	142	207	0	783	383	570	0	2481
19:25:00	69900	749	1150	0	4232	197	392	0	1174	155	231	0	707	397	527	0	2351
19:30:00	70200	829	1259	0	3802	210	451	0	933	122	335	0	494	497	473	0	2375
19:35:00	70500	713	1164	0	3351	175	417	0	691	191	185	0	500	347	562	0	2160
19:40:00	70800	979	1361	0	2969	195	448	0	438	151	450	0	201	633	463	0	2330
19:45:00	71100	611	1048	0	2532	117	351	0	204	178	206	0	173	316	491	0	2155
19:50:00	71400	496	766	0	2262	106	169	0	141	144	140	0	177	246	457	0	1944
19:55:00	71700	492	672	0	2082	98	112	0	127	112	171	0	118	282	389	0	1837
20:00:00	72000	431	600	0	1913	111	101	0	137	111	110	0	119	209	389	0	1657
20:05:00	72300	420	551	0	1782	100	109	0	128	105	110	0	114	215	332	0	1540
20:10:00	72600	411	519	0	1674	105	94	0	139	104	110	0	108	202	315	0	1427
20:15:00	72900	381	512	0	1543	92	119	0	112	106	90	0	124	183	303	0	1307
20:20:00	73200	388	468	0	1463	111	89	0	134	79	106	0	97	198	273	0	1232
20:25:00	73500	393	480	0	1376	113	109	0	138	76	91	0	82	204	280	0	1156
20:30:00	73800	349	420	0	1305	98	114	0	122	78	71	0	89	173	235	0	1094
20:35:00	74100	330	422	0	1213	99	116	0	105	68	74	0	83	163	232	0	1025
20:40:00	74400	334	372	0	1175	96	85	0	116	71	83	0	71	167	204	0	988
20:45:00	74700	297	351	0	1121	91	89	0	118	68	63	0	76	138	199	0	927
20:50:00	75000	293	335	0	1079	85	96	0	107	68	66	0	78	140	173	0	894
20:55:00	75300	300	340	0	1039	81	86	0	102	62	71	0	69	157	183	0	868
21:00:00	75600	142	290	0	891	12	78	0	36	51	52	0	68	79	160	0	787
21:05:00	75900	142	227	0	806	12	30	0	18	47	63	0	52	83	134	0	736
21:10:00	76200	107	189	0	724	19	17	0	20	33	45	0	40	55	127	0	664
21:15:00	76500	97	171	0	650	18	18	0	20	27	38	0	29	52	115	0	601
21:20:00	76800	65	160	0	555	5	19	0	6	28	27	0	30	32	114	0	519
21:25:00	77100	56	126	0	485	8	5	0	9	16	22	0	24	32	99	0	452
21:30:00	77400	48	105	0	428	8	12	0	5	8	20	0	12	32	73	0	411
21:35:00	77700	39	77	0	390	6	3	0	8	11	16	0	7	22	58	0	375
21:40:00	78000	27	69	0	348	5	9	0	4	6	6	0	7	16	54	0	337
21:45:00	78300	27	72	0	303	3	4	0	3	9	8	0	8	15	60	0	292
21:50:00	78600	17	57	0	263	2	4	0	1	7	6	0	9	8	47	0	253
21:55:00	78900	21	43	0	241	0	1	0	0	7	9	0	7	14	33	0	234
22:00:00	79200	11	40	0	212	1	0	0	1	5	4	0	8	5	36	0	203
22:05:00	79500	13	36	0	189	1	0	0	2	3	7	0	4	9	29	0	183
22:10:00	79800	5	28	0	166	0	1	0	1	1	1	0	4	4	26	0	161
22:15:00	80100	8	19	0	155	1	1	0	1	1	3	0	2	6	15	0	152
22:20:00	80400	2	16	0	141	0	0	0	1	0	1	0	1	2	15	0	139
22:25:00	80700	1	13	0	129	0	1	0	0	0	1	0	0	1	11	0	129
22:30:00	81000	3	15	0	117	0	0	0	0	1	0	0	1	2	15	0	116
22:35:00	81300	4	8	0	113	0	0	0	0	0	1	0	0	4	7	0	113
22:40:00	81600	2	10	0	105	0	0	0	0	1	0	0	1	1	10	0	104
22:45:00	81900	1	16	0	90	0	0	0	0	0	1	0	0	1	15	0	90
22:50:00	82200	1	8	0	83	0	0	0	0	0	0	0	0	1	8	0	83
22:55:00	82500	1	9	0	75	0	0	0	0	1	0	0	1	0	9	0	74
23:00:00	82800	1	6	0	70	0	0	0	0	0	1	0	0	1	5	0	70
23:05:00	83100	0	3	0	67	0	0	0	0	0	0	0	0	0	3	0	67
23:10:00	83400	0	4	0	63	0	0	0	0	0	0	0	0	0	4	0	63
23:15:00	83700	1	5	0	59	1	0	0	1	0	0	0	0	0	5	0	58
23:20:00	84000	0	7	0	52	0	1	0	0	0	0	0	0	0	6	0	52
23:25:00	84300	0	2	0	50	0	0	0	0	0	0	0	0	0	2	0	50
23:30:00	84600	0	5	0	45	0	0	0	0	0	0	0	0	0	5	0	45
23:35:00	84900	0	4	0	41	0	0	0	0	0	0	0	0	0	4	0	41
23:40:00	85200	1	4	0	38	0	0	0	0	0	0	0	0	1	4	0	38
23:45:00	85500	0	3	0	35	0	0	0	0	0	0	0	0	0	3	0	35
23:50:00	85800	0	1	0	34	0	0	0	0	0	0	0	0	0	1	0	34
23:55:00	86100	0	0	0	34	0	0	0	0	0	0	0	0	0	0	0	34
24:00:00	86400	0	2	0	32	0	0	0	0	0	0	0	0	0	2	0	32
24:05:00	86700	0	3	0	29	0	0	0	0	0	0	0	0	0	3	0	29
24:10:00	87000	0	0	0	29	0	0	0	0	0	0	0	0	0	0	0	29
24:15:00	87300	0	2	0	27	0	0	0	0	0	0	0	0	0	2	0	27
24:20:00	87600	0	1	0	26	0	0	0	0	0	0	0	0	0	1	0	26
24:25:00	87900	0	3	0	23	0	0	0	0	0	0	0	0	0	3	0	23
24:30:00	88200	0	1	0	22	0	0	0	0	0	0	0	0	0	1	0	22
24:35:00	88500	0	1	0	21	0	0	0	0	0	0	0	0	0	1	0	21
24:40:00	88800	0	4	0	17	0	0	0	0	0	0	0	0	0	4	0	17
24:45:00	89100	0	1	0	16	0	0	0	0	0	0	0	0	0	1	0	16
24:50:00	89400	0	0	0	16	0	0	0	0	0	0	0	0	0	0	0	16
24:55:00	89700	0	2	0	14	0	0	0	0	0	0	0	0	0	2	0	14
25:00:00	90000	0	0	0	14	0	0	0	0	0	0	0	0	0	0	0	14
25:05:00	90300	0	1	0	13	0	0	0	0	0	0	0	0	0	1	0	13
25:10:00	90600	0	0	0	13	0	0	0	0	0	0	0	0	0	0	0	13
25:15:00	90900	0	1	0	12	0	0	0	0	0	0	0	0	0	1	0	12
25:20:00	91200	0	1	0	11	0	0	0	0	0	0	0	0	0	1	0	11
25:25:00	91500	0	1	0	10	0	0	0	0	0	0	0	0	0	1	0	10
25:30:00	91800	0	1	0	9	0	0	0	0	0	0	0	0	0	1	0	9
25:35:00	92100	0	0	0	9	0	0	0	0	0	0	0	0	0	0	0	9
25:40:00	92400	0	0	0	9	0	0	0	0	0	0	0	0	0	0	0	9
25:45:00	92700	0	1	0	8	0	0	0	0	0	0	0	0	0	1	0	8
25:50:00	93000	0	3	0	5	0	0	0	0	0	0	0	0	0	3	0	5
25:55:00	93300	0	1	0	4	0	0	0	0	0	0	0	0	0	1	0	4
26:00:00	93600	0	2	0	2	0	0	0	0	0	0	0	0	0	2	0	2
26:05:00	93900	0	0	0	2	0	0	0	0	0	0	0	0	0	0	0	2
26:10:00	94200	0	0	0	2	0	0	0	0	0	0	0	0	0	0	0	2
26:15:00	94500	0	0	0	2	0	0	0	0	0	0	0	0	0	0	0	2
26:20:00	94800	0	0	0	2	0	0	0	0	0	0	0	0	0	0	0	2
26:25:00	95100	0	0	0	2	0	0	0	0	0	0	0	0	0	0	0	2
26:30:00	95400	0	0	0	2	0	0	0	0	0	0	0	0	0	0	0	2
26:35:00	95700	0	0	0	2	0	0	0	0	0	0	0	0	0	0	0	2
26:40:00	96000	0	0	0	2	0	0	0	0	0	0	0	0	0	0	0	2
26:45:00	96300	0	1	0	1	0	0	0	0	0	0	0	0	0	1	0	1
26:50:00	96600	0	0	0	1	0	0	0	0	0	0	0	0	0	0	0	1
26:55:00	96900	0	0	0	1	0	0	0	0	0	0	0	0	0	0	0	1
27:00:00	97200	0	0	0	1	0	0	0	0	0	0	0	0	0	0	0	1
27:05:00	97500	0	0	0	1	0	0	0	0	0	0	0	0	0	0	0	1
27:10:00	97800	0	0	0	1	0	0	0	0	0	0	0	0	0	0	0	1
27:15:00	98100	0	0	0	1	0	0	0	0	0	0	0	0	0	0	0	1
27:20:00	98400	0	0	0	1	0	0	0	0	0	0	0	0	0	0	0	1
27:25:00	98700	0	0	0	1	0	0	0	0	0	0	0	0	0	0	0	1
27:30:00	99000	0	0	0	1	0	0	0	0	0	0	0	0	0	0	0	1
27:35:00	99300	0	0	0	1	0	0	0	0	0	0	0	0	0	0	0	1
27:40:00	99600	0	0	0	1	0	0	0	0	0	0	0	0	0	0	0	1
27:45:00	99900	0	1	0	0	0	0	0	0	0	0	0	0	0	1	0	0
27:50:00	100200	0	0	0	0	0	0	0	0	0	0	0	0	0	0	0	0
27:55:00	100500	0	0	0	0	0	0	0	0	0	0	0	0	0	0	0	0
28:00:00	100800	0	0	0	0	0	0	0	0	0	0	0	0	0	0	0	0
28:05:00	101100	0	0	0	0	0	0	0	0	0	0	0	0	0	0	0	0
28:10:00	101400	0	0	0	0	0	0	0	0	0	0	0	0	0	0	0	0
28:15:00	101700	0	0	0	0	0	0	0	0	0	0	0	0	0	0	0	0
28:20:00	102000	0	0	0	0	0	0	0	0	0	0	0	0	0	0	0	0
28:25:00	102300	0	0	0	0	0	0	0	0	0	0	0	0	0	0	0	0
28:30:00	102600	0	0	0	0	0	0	0	0	0	0	0	0	0	0	0	0
28:35:00	102900	0	0	0	0	0	0	0	0	0	0	0	0	0	0	0	0
28:40:00	103200	0	0	0	0	0	0	0	0	0	0	0	0	0	0	0	0
28:45:00	103500	0	0	0	0	0	0	0	0	0	0	0	0	0	0	0	0
28:50:00	103800	0	0	0	0	0	0	0	0	0	0	0	0	0	0	0	0
28:55:00	104100	0	0	0	0	0	0	0	0	0	0	0	0	0	0	0	0
29:00:00	104400	0	0	0	0	0	0	0	0	0	0	0	0	0	0	0	0
29:05:00	104700	0	0	0	0	0	0	0	0	0	0	0	0	0	0	0	0
29:10:00	105000	0	0	0	0	0	0	0	0	0	0	0	0	0	0	0	0
29:15:00	105300	0	0	0	0	0	0	0	0	0	0	0	0	0	0	0	0
29:20:00	105600	0	0	0	0	0	0	0	0	0	0	0	0	0	0	0	0
29:25:00	105900	0	0	0	0	0	0	0	0	0	0	0	0	0	0	0	0
29:30:00	106200	0	0	0	0	0	0	0	0	0	0	0	0	0	0	0	0
29:35:00	106500	0	0	0	0	0	0	0	0	0	0	0	0	0	0	0	0
29:40:00	106800	0	0	0	0	0	0	0	0	0	0	0	0	0	0	0	0
29:45:00	107100	0	0	0	0	0	0	0	0	0	0	0	0	0	0	0	0
29:50:00	107400	0	0	0	0	0	0	0	0	0	0	0	0	0	0	0	0
29:55:00	107700	0	0	0	0	0	0	0	0	0	0	0	0	0	0	0	0
30:00:00	108000	0	0	0	0	0	0	0	0	0	0	0	0	0	0	0	0
30:05:00	108300	0	0	0	0	0	0	0	0	0	0	0	0	0	0	0	0
