time	time	departures_all	arrivals_all	stuck_all	en-route_all	departures_car	arrivals_car	stuck_car	en-route_car	departures_pt	arrivals_pt	stuck_pt	en-route_pt	departures_walk	arrivals_walk	stuck_walk	en-route_walk
00:00:00	0	0	0	0	0	0	0	0	0	0	0	0	0	0	0	0	0
00:05:00	300	0	0	0	0	0	0	0	0	0	0	0	0	0	0	0	0
00:10:00	600	0	0	0	0	0	0	0	0	0	0	0	0	0	0	0	0
00:15:00	900	0	0	0	0	0	0	0	0	0	0	0	0	0	0	0	0
00:20:00	1200	0	0	0	0	0	0	0	0	0	0	0	0	0	0	0	0
00:25:00	1500	0	0	0	0	0	0	0	0	0	0	0	0	0	0	0	0
00:30:00	1800	0	0	0	0	0	0	0	0	0	0	0	0	0	0	0	0
00:35:00	2100	0	0	0	0	0	0	0	0	0	0	0	0	0	0	0	0
00:40:00	2400	0	0	0	0	0	0	0	0	0	0	0	0	0	0	0	0
00:45:00	2700	0	0	0	0	0	0	0	0	0	0	0	0	0	0	0	0
00:50:00	3000	0	0	0	0	0	0	0	0	0	0	0	0	0	0	0	0
00:55:00	3300	0	0	0	0	0	0	0	0	0	0	0	0	0	0	0	0
01:00:00	3600	0	0	0	0	0	0	0	0	0	0	0	0	0	0	0	0
01:05:00	3900	0	0	0	0	0	0	0	0	0	0	0	0	0	0	0	0
01:10:00	4200	0	0	0	0	0	0	0	0	0	0	0	0	0	0	0	0
01:15:00	4500	0	0	0	0	0	0	0	0	0	0	0	0	0	0	0	0
01:20:00	4800	0	0	0	0	0	0	0	0	0	0	0	0	0	0	0	0
01:25:00	5100	0	0	0	0	0	0	0	0	0	0	0	0	0	0	0	0
01:30:00	5400	0	0	0	0	0	0	0	0	0	0	0	0	0	0	0	0
01:35:00	5700	0	0	0	0	0	0	0	0	0	0	0	0	0	0	0	0
01:40:00	6000	0	0	0	0	0	0	0	0	0	0	0	0	0	0	0	0
01:45:00	6300	0	0	0	0	0	0	0	0	0	0	0	0	0	0	0	0
01:50:00	6600	0	0	0	0	0	0	0	0	0	0	0	0	0	0	0	0
01:55:00	6900	0	0	0	0	0	0	0	0	0	0	0	0	0	0	0	0
02:00:00	7200	0	0	0	0	0	0	0	0	0	0	0	0	0	0	0	0
02:05:00	7500	0	0	0	0	0	0	0	0	0	0	0	0	0	0	0	0
02:10:00	7800	0	0	0	0	0	0	0	0	0	0	0	0	0	0	0	0
02:15:00	8100	0	0	0	0	0	0	0	0	0	0	0	0	0	0	0	0
02:20:00	8400	0	0	0	0	0	0	0	0	0	0	0	0	0	0	0	0
02:25:00	8700	0	0	0	0	0	0	0	0	0	0	0	0	0	0	0	0
02:30:00	9000	0	0	0	0	0	0	0	0	0	0	0	0	0	0	0	0
02:35:00	9300	0	0	0	0	0	0	0	0	0	0	0	0	0	0	0	0
02:40:00	9600	0	0	0	0	0	0	0	0	0	0	0	0	0	0	0	0
02:45:00	9900	0	0	0	0	0	0	0	0	0	0	0	0	0	0	0	0
02:50:00	10200	0	0	0	0	0	0	0	0	0	0	0	0	0	0	0	0
02:55:00	10500	0	0	0	0	0	0	0	0	0	0	0	0	0	0	0	0
03:00:00	10800	0	0	0	0	0	0	0	0	0	0	0	0	0	0	0	0
03:05:00	11100	0	0	0	0	0	0	0	0	0	0	0	0	0	0	0	0
03:10:00	11400	0	0	0	0	0	0	0	0	0	0	0	0	0	0	0	0
03:15:00	11700	0	0	0	0	0	0	0	0	0	0	0	0	0	0	0	0
03:20:00	12000	0	0	0	0	0	0	0	0	0	0	0	0	0	0	0	0
03:25:00	12300	0	0	0	0	0	0	0	0	0	0	0	0	0	0	0	0
03:30:00	12600	0	0	0	0	0	0	0	0	0	0	0	0	0	0	0	0
03:35:00	12900	0	0	0	0	0	0	0	0	0	0	0	0	0	0	0	0
03:40:00	13200	0	0	0	0	0	0	0	0	0	0	0	0	0	0	0	0
03:45:00	13500	0	0	0	0	0	0	0	0	0	0	0	0	0	0	0	0
03:50:00	13800	0	0	0	0	0	0	0	0	0	0	0	0	0	0	0	0
03:55:00	14100	0	0	0	0	0	0	0	0	0	0	0	0	0	0	0	0
04:00:00	14400	0	0	0	0	0	0	0	0	0	0	0	0	0	0	0	0
04:05:00	14700	0	0	0	0	0	0	0	0	0	0	0	0	0	0	0	0
04:10:00	15000	0	0	0	0	0	0	0	0	0	0	0	0	0	0	0	0
04:15:00	15300	0	0	0	0	0	0	0	0	0	0	0	0	0	0	0	0
04:20:00	15600	0	0	0	0	0	0	0	0	0	0	0	0	0	0	0	0
04:25:00	15900	0	0	0	0	0	0	0	0	0	0	0	0	0	0	0	0
04:30:00	16200	0	0	0	0	0	0	0	0	0	0	0	0	0	0	0	0
04:35:00	16500	0	0	0	0	0	0	0	0	0	0	0	0	0	0	0	0
04:40:00	16800	0	0	0	0	0	0	0	0	0	0	0	0	0	0	0	0
04:45:00	17100	0	0	0	0	0	0	0	0	0	0	0	0	0	0	0	0
04:50:00	17400	0	0	0	0	0	0	0	0	0	0	0	0	0	0	0	0
04:55:00	17700	0	0	0	0	0	0	0	0	0	0	0	0	0	0	0	0
05:00:00	18000	0	0	0	0	0	0	0	0	0	0	0	0	0	0	0	0
05:05:00	18300	0	0	0	0	0	0	0	0	0	0	0	0	0	0	0	0
05:10:00	18600	0	0	0	0	0	0	0	0	0	0	0	0	0	0	0	0
05:15:00	18900	0	0	0	0	0	0	0	0	0	0	0	0	0	0	0	0
05:20:00	19200	3	0	0	3	3	0	0	3	0	0	0	0	0	0	0	0
05:25:00	19500	3	3	0	3	2	3	0	2	0	0	0	0	1	0	0	1
05:30:00	19800	5	2	0	6	5	2	0	5	0	0	0	0	0	0	0	1
05:35:00	20100	3	4	0	5	2	4	0	3	0	0	0	0	1	0	0	2
05:40:00	20400	11	3	0	13	11	3	0	11	0	0	0	0	0	0	0	2
05:45:00	20700	14	7	0	20	11	7	0	15	0	0	0	0	3	0	0	5
05:50:00	21000	16	18	0	18	14	18	0	11	0	0	0	0	2	0	0	7
05:55:00	21300	27	9	0	36	21	8	0	24	1	0	0	1	5	1	0	11
06:00:00	21600	52	33	0	55	32	30	0	26	3	0	0	4	17	3	0	25
06:05:00	21900	69	27	0	97	44	20	0	50	4	3	0	5	21	4	0	42
06:10:00	22200	107	57	0	147	70	46	0	74	5	5	0	5	32	6	0	68
06:15:00	22500	180	87	0	240	128	72	0	130	5	6	0	4	47	9	0	106
06:20:00	22800	256	131	0	365	180	112	0	198	9	5	0	8	67	14	0	159
06:25:00	23100	335	231	0	469	218	194	0	222	19	10	0	17	98	27	0	230
06:30:00	23400	451	279	0	641	317	230	0	309	25	16	0	26	109	33	0	306
06:35:00	23700	600	366	0	875	404	280	0	433	41	29	0	38	155	57	0	404
06:40:00	24000	664	510	0	1029	421	395	0	459	47	44	0	41	196	71	0	529
06:45:00	24300	849	586	0	1292	557	448	0	568	57	40	0	58	235	98	0	666
06:50:00	24600	1086	742	0	1636	665	545	0	688	84	70	0	72	337	127	0	876
06:55:00	24900	1377	871	0	2142	850	640	0	898	99	83	0	88	428	148	0	1156
07:00:00	25200	1909	1195	0	2856	1184	889	0	1193	115	99	0	104	610	207	0	1559
07:05:00	25500	2720	1510	0	4066	1648	1158	0	1683	155	112	0	147	917	240	0	2236
07:10:00	25800	3814	2088	0	5792	2328	1594	0	2417	230	144	0	233	1256	350	0	3142
07:15:00	26100	4961	2651	0	8102	2857	1956	0	3318	301	229	0	305	1803	466	0	4479
07:20:00	26400	5964	2927	0	11139	3436	2060	0	4694	430	245	0	490	2098	622	0	5955
07:25:00	26700	6757	3367	0	14529	3857	2228	0	6323	519	367	0	642	2381	772	0	7564
07:30:00	27000	6888	3654	0	17763	3774	2258	0	7839	677	338	0	981	2437	1058	0	8943
07:35:00	27300	6588	3776	0	20575	3510	2125	0	9224	753	434	0	1300	2325	1217	0	10051
07:40:00	27600	5879	4306	0	22148	2853	2183	0	9894	900	585	0	1615	2126	1538	0	10639
07:45:00	27900	4958	4188	0	22918	2318	1967	0	10245	879	545	0	1949	1761	1676	0	10724
07:50:00	28200	3893	3762	0	23049	1749	1611	0	10383	853	453	0	2349	1291	1698	0	10317
07:55:00	28500	3270	4112	0	22207	1237	1791	0	9829	760	647	0	2462	1273	1674	0	9916
08:00:00	28800	2812	4260	0	20759	958	1746	0	9041	684	741	0	2405	1170	1773	0	9313
08:05:00	29100	2519	4457	0	18821	736	1816	0	7961	608	844	0	2169	1175	1797	0	8691
08:10:00	29400	1922	3845	0	16898	614	1539	0	7036	478	559	0	2088	830	1747	0	7774
08:15:00	29700	1904	3820	0	14982	559	1428	0	6167	411	705	0	1794	934	1687	0	7021
08:20:00	30000	1564	3490	0	13056	471	1392	0	5246	400	474	0	1720	693	1624	0	6090
08:25:00	30300	1426	3152	0	11330	417	1203	0	4460	255	560	0	1415	754	1389	0	5455
08:30:00	30600	1255	2910	0	9675	336	1099	0	3697	275	464	0	1226	644	1347	0	4752
08:35:00	30900	1077	2568	0	8184	272	907	0	3062	251	409	0	1068	554	1252	0	4054
08:40:00	31200	799	1879	0	7104	225	580	0	2707	184	264	0	988	390	1035	0	3409
08:45:00	31500	808	1729	0	6183	205	550	0	2362	171	314	0	845	432	865	0	2976
08:50:00	31800	828	1661	0	5350	156	515	0	2003	215	353	0	707	457	793	0	2640
08:55:00	32100	744	1495	0	4599	152	504	0	1651	237	235	0	709	355	756	0	2239
09:00:00	32400	889	1512	0	3976	206	522	0	1335	167	341	0	535	516	649	0	2106
09:05:00	32700	931	1416	0	3491	201	483	0	1053	189	364	0	360	541	569	0	2078
09:10:00	33000	964	1360	0	3095	204	416	0	841	297	286	0	371	463	658	0	1883
09:15:00	33300	809	1192	0	2712	221	403	0	659	215	206	0	380	373	583	0	1673
09:20:00	33600	809	1137	0	2384	213	400	0	472	153	285	0	248	443	452	0	1664
09:25:00	33900	709	1070	0	2023	183	366	0	289	125	232	0	141	401	472	0	1593
09:30:00	34200	656	780	0	1899	192	226	0	255	147	133	0	155	317	421	0	1489
09:35:00	34500	646	748	0	1797	183	216	0	222	156	144	0	167	307	388	0	1408
09:40:00	34800	624	650	0	1771	186	183	0	225	116	156	0	127	322	311	0	1419
09:45:00	35100	619	655	0	1735	200	182	0	243	136	132	0	131	283	341	0	1361
09:50:00	35400	672	674	0	1733	220	204	0	259	143	121	0	153	309	349	0	1321
09:55:00	35700	621	661	0	1693	187	212	0	234	136	135	0	154	298	314	0	1305
10:00:00	36000	682	639	0	1736	205	197	0	242	147	139	0	162	330	303	0	1332
10:05:00	36300	625	608	0	1753	200	187	0	255	110	149	0	123	315	272	0	1375
10:10:00	36600	679	635	0	1797	215	221	0	249	132	120	0	135	332	294	0	1413
10:15:00	36900	656	662	0	1791	202	213	0	238	157	120	0	172	297	329	0	1381
10:20:00	37200	683	643	0	1831	203	190	0	251	126	151	0	147	354	302	0	1433
10:25:00	37500	693	659	0	1865	199	191	0	259	176	146	0	177	318	322	0	1429
10:30:00	37800	689	707	0	1847	188	213	0	234	154	162	0	169	347	332	0	1444
10:35:00	38100	660	652	0	1855	200	186	0	248	139	163	0	145	321	303	0	1462
10:40:00	38400	664	650	0	1869	202	203	0	247	145	135	0	155	317	312	0	1467
10:45:00	38700	646	671	0	1844	210	210	0	247	134	138	0	151	302	323	0	1446
10:50:00	39000	638	682	0	1800	208	219	0	236	135	136	0	150	295	327	0	1414
10:55:00	39300	597	609	0	1788	181	182	0	235	133	124	0	159	283	303	0	1394
11:00:00	39600	663	638	0	1813	227	201	0	261	124	141	0	142	312	296	0	1410
11:05:00	39900	666	674	0	1805	193	205	0	249	151	127	0	166	322	342	0	1390
11:10:00	40200	653	657	0	1801	216	198	0	267	124	147	0	143	313	312	0	1391
11:15:00	40500	636	630	0	1807	189	195	0	261	132	139	0	136	315	296	0	1410
11:20:00	40800	620	614	0	1813	215	208	0	268	116	133	0	119	289	273	0	1426
11:25:00	41100	649	648	0	1814	179	222	0	225	148	110	0	157	322	316	0	1432
11:30:00	41400	644	647	0	1811	203	200	0	228	149	146	0	160	292	301	0	1423
11:35:00	41700	686	633	0	1864	195	181	0	242	152	146	0	166	339	306	0	1456
11:40:00	42000	687	677	0	1874	216	196	0	262	148	160	0	154	323	321	0	1458
11:45:00	42300	674	675	0	1873	187	207	0	242	155	149	0	160	332	319	0	1471
11:50:00	42600	666	663	0	1876	182	200	0	224	138	147	0	151	346	316	0	1501
11:55:00	42900	663	645	0	1894	198	182	0	240	159	141	0	169	306	322	0	1485
12:00:00	43200	660	684	0	1870	198	196	0	242	158	149	0	178	304	339	0	1450
12:05:00	43500	676	653	0	1893	223	187	0	278	128	152	0	154	325	314	0	1461
12:10:00	43800	628	672	0	1849	183	215	0	246	136	146	0	144	309	311	0	1459
12:15:00	44100	687	643	0	1893	251	195	0	302	134	124	0	154	302	324	0	1437
12:20:00	44400	634	687	0	1840	205	255	0	252	128	138	0	144	301	294	0	1444
12:25:00	44700	648	686	0	1802	201	207	0	246	133	143	0	134	314	336	0	1422
12:30:00	45000	648	595	0	1855	216	184	0	278	141	110	0	165	291	301	0	1412
12:35:00	45300	672	664	0	1863	208	221	0	265	132	155	0	142	332	288	0	1456
12:40:00	45600	631	655	0	1839	187	219	0	233	136	134	0	144	308	302	0	1462
12:45:00	45900	617	577	0	1879	206	184	0	255	128	128	0	144	283	265	0	1480
12:50:00	46200	677	673	0	1883	218	219	0	254	138	138	0	144	321	316	0	1485
12:55:00	46500	673	649	0	1907	219	206	0	267	145	122	0	167	309	321	0	1473
13:00:00	46800	715	702	0	1920	201	209	0	259	154	172	0	149	360	321	0	1512
13:05:00	47100	684	685	0	1919	184	210	0	233	160	129	0	180	340	346	0	1506
13:10:00	47400	682	668	0	1933	211	200	0	244	150	152	0	178	321	316	0	1511
13:15:00	47700	673	706	0	1900	202	202	0	244	152	167	0	163	319	337	0	1493
13:20:00	48000	684	675	0	1909	195	181	0	258	144	154	0	153	345	340	0	1498
13:25:00	48300	615	648	0	1876	185	204	0	239	133	141	0	145	297	303	0	1492
13:30:00	48600	641	634	0	1883	217	196	0	260	122	129	0	138	302	309	0	1485
13:35:00	48900	620	694	0	1809	191	228	0	223	140	130	0	148	289	336	0	1438
13:40:00	49200	657	635	0	1831	225	201	0	247	142	130	0	160	290	304	0	1424
13:45:00	49500	681	644	0	1868	221	191	0	277	138	142	0	156	322	311	0	1435
13:50:00	49800	644	674	0	1838	191	237	0	231	139	142	0	153	314	295	0	1454
13:55:00	50100	626	627	0	1837	220	180	0	271	131	127	0	157	275	320	0	1409
14:00:00	50400	637	658	0	1816	187	225	0	233	125	144	0	138	325	289	0	1445
14:05:00	50700	631	634	0	1813	186	179	0	240	149	112	0	175	296	343	0	1398
14:10:00	51000	621	622	0	1812	183	195	0	228	123	152	0	146	315	275	0	1438
14:15:00	51300	676	644	0	1844	205	188	0	245	154	137	0	163	317	319	0	1436
14:20:00	51600	682	690	0	1836	202	206	0	241	156	148	0	171	324	336	0	1424
14:25:00	51900	657	640	0	1853	202	190	0	253	128	156	0	143	327	294	0	1457
14:30:00	52200	629	657	0	1825	195	182	0	266	135	137	0	141	299	338	0	1418
14:35:00	52500	638	655	0	1808	202	219	0	249	121	124	0	138	315	312	0	1421
14:40:00	52800	657	625	0	1840	214	213	0	250	126	124	0	140	317	288	0	1450
14:45:00	53100	621	605	0	1856	203	198	0	255	137	122	0	155	281	285	0	1446
14:50:00	53400	659	655	0	1860	196	204	0	247	132	147	0	140	331	304	0	1473
14:55:00	53700	684	648	0	1896	240	214	0	273	138	138	0	140	306	296	0	1483
15:00:00	54000	695	701	0	1890	231	217	0	287	165	151	0	154	299	333	0	1449
15:05:00	54300	634	691	0	1833	177	222	0	242	147	140	0	161	310	329	0	1430
15:10:00	54600	635	664	0	1804	207	207	0	242	123	139	0	145	305	318	0	1417
15:15:00	54900	632	602	0	1834	193	184	0	251	124	128	0	141	315	290	0	1442
15:20:00	55200	633	658	0	1809	183	200	0	234	134	129	0	146	316	329	0	1429
15:25:00	55500	624	609	0	1824	198	183	0	249	132	137	0	141	294	289	0	1434
15:30:00	55800	613	604	0	1833	186	198	0	237	126	129	0	138	301	277	0	1458
15:35:00	56100	648	627	0	1854	205	190	0	252	144	129	0	153	299	308	0	1449
15:40:00	56400	644	631	0	1867	219	209	0	262	125	130	0	148	300	292	0	1457
15:45:00	56700	672	652	0	1887	231	214	0	279	132	130	0	150	309	308	0	1458
15:50:00	57000	689	676	0	1900	218	222	0	275	147	125	0	172	324	329	0	1453
15:55:00	57300	683	677	0	1906	223	232	0	266	141	140	0	173	319	305	0	1467
16:00:00	57600	749	653	0	2002	261	195	0	332	147	151	0	169	341	307	0	1501
16:05:00	57900	781	749	0	2034	253	270	0	315	158	157	0	170	370	322	0	1549
16:10:00	58200	790	754	0	2070	282	257	0	340	163	156	0	177	345	341	0	1553
16:15:00	58500	876	782	0	2164	344	301	0	383	162	159	0	180	370	322	0	1601
16:20:00	58800	855	826	0	2193	349	318	0	414	149	171	0	158	357	337	0	1621
16:25:00	59100	1021	860	0	2354	451	365	0	500	152	152	0	158	418	343	0	1696
16:30:00	59400	1130	971	0	2513	515	436	0	579	174	152	0	180	441	383	0	1754
16:35:00	59700	1244	1064	0	2693	603	515	0	667	181	162	0	199	460	387	0	1827
16:40:00	60000	1331	1128	0	2896	631	575	0	723	206	172	0	233	494	381	0	1940
16:45:00	60300	1545	1279	0	3162	746	648	0	821	200	213	0	220	599	418	0	2121
16:50:00	60600	1696	1382	0	3476	794	717	0	898	245	210	0	255	657	455	0	2323
16:55:00	60900	2004	1525	0	3955	975	807	0	1066	252	226	0	281	777	492	0	2608
17:00:00	61200	2607	1714	0	4848	1344	967	0	1443	275	240	0	316	988	507	0	3089
17:05:00	61500	3556	2194	0	6210	1898	1236	0	2105	396	281	0	431	1262	677	0	3674
17:10:00	61800	4381	2580	0	8011	2381	1562	0	2924	445	285	0	591	1555	733	0	4496
17:15:00	62100	5727	3080	0	10658	3138	1850	0	4212	537	379	0	749	2052	851	0	5697
17:20:00	62400	6700	3376	0	13982	3689	2004	0	5897	613	380	0	982	2398	992	0	7103
17:25:00	62700	7363	3700	0	17645	4002	2102	0	7797	793	345	0	1430	2568	1253	0	8418
17:30:00	63000	7438	3780	0	21303	4052	2019	0	9830	910	341	0	1999	2476	1420	0	9474
17:35:00	63300	7130	4143	0	24290	3651	2141	0	11340	1010	433	0	2576	2469	1569	0	10374
17:40:00	63600	6367	4154	0	26503	3146	1980	0	12506	1036	494	0	3118	2185	1680	0	10879
17:45:00	63900	5638	4321	0	27820	2538	1771	0	13273	1052	726	0	3444	2048	1824	0	11103
17:50:00	64200	4406	4062	0	28164	1830	1651	0	13452	938	622	0	3760	1638	1789	0	10952
17:55:00	64500	3262	3819	0	27607	1342	1551	0	13243	753	500	0	4013	1167	1768	0	10351
18:00:00	64800	2750	4017	0	26340	982	1746	0	12479	669	529	0	4153	1099	1742	0	9708
18:05:00	65100	2422	4177	0	24585	848	1893	0	11434	549	596	0	4106	1025	1688	0	9045
18:10:00	65400	1990	3997	0	22578	698	1820	0	10312	471	484	0	4093	821	1693	0	8173
18:15:00	65700	1822	3860	0	20540	665	1849	0	9128	383	425	0	4051	774	1586	0	7361
18:20:00	66000	1698	3647	0	18591	549	1706	0	7971	287	538	0	3800	862	1403	0	6820
18:25:00	66300	1433	3216	0	16808	519	1529	0	6961	294	319	0	3775	620	1368	0	6072
18:30:00	66600	1244	2941	0	15111	427	1335	0	6053	193	392	0	3576	624	1214	0	5482
18:35:00	66900	1415	2942	0	13584	367	1190	0	5230	237	549	0	3264	811	1203	0	5090
18:40:00	67200	1684	2901	0	12367	312	919	0	4623	239	925	0	2578	1133	1057	0	5166
18:45:00	67500	1572	2758	0	11181	283	822	0	4084	628	477	0	2729	661	1459	0	4368
18:50:00	67800	1473	2557	0	10097	232	643	0	3673	235	804	0	2160	1006	1110	0	4264
18:55:00	68100	1199	2197	0	9099	232	597	0	3308	198	596	0	1762	769	1004	0	4029
19:00:00	68400	1085	2132	0	8052	206	570	0	2944	223	465	0	1520	656	1097	0	3588
19:05:00	68700	978	1826	0	7204	196	531	0	2609	187	418	0	1289	595	877	0	3306
19:10:00	69000	967	1675	0	6496	214	505	0	2318	172	407	0	1054	581	763	0	3124
19:15:00	69300	788	1405	0	5879	180	434	0	2064	152	246	0	960	456	725	0	2855
19:20:00	69600	741	1321	0	5299	183	426	0	1821	167	209	0	918	391	686	0	2560
19:25:00	69900	694	1196	0	4797	176	405	0	1592	146	201	0	863	372	590	0	2342
19:30:00	70200	787	1229	0	4355	217	432	0	1377	119	277	0	705	451	520	0	2273
19:35:00	70500	815	1250	0	3920	183	439	0	1121	198	252	0	651	434	559	0	2148
19:40:00	70800	781	1173	0	3528	199	424	0	896	151	247	0	555	431	502	0	2077
19:45:00	71100	902	1410	0	3020	118	416	0	598	178	507	0	226	606	487	0	2196
19:50:00	71400	609	979	0	2650	98	270	0	426	202	189	0	239	309	520	0	1985
19:55:00	71700	513	862	0	2301	105	277	0	254	132	176	0	195	276	409	0	1852
20:00:00	72000	552	861	0	1992	116	224	0	146	138	194	0	139	298	443	0	1707
20:05:00	72300	463	615	0	1840	102	110	0	138	126	127	0	138	235	378	0	1564
20:10:00	72600	440	544	0	1736	102	94	0	146	124	116	0	146	214	334	0	1444
20:15:00	72900	423	563	0	1596	92	116	0	122	116	122	0	140	215	325	0	1334
20:20:00	73200	398	512	0	1482	96	89	0	129	92	125	0	107	210	298	0	1246
20:25:00	73500	405	514	0	1373	111	103	0	137	90	98	0	99	204	313	0	1137
20:30:00	73800	370	452	0	1291	97	115	0	119	91	80	0	110	182	257	0	1062
20:35:00	74100	365	469	0	1187	89	107	0	101	79	101	0	88	197	261	0	998
20:40:00	74400	345	406	0	1126	90	80	0	111	74	88	0	74	181	238	0	941
20:45:00	74700	317	368	0	1075	100	95	0	116	80	68	0	86	137	205	0	873
20:50:00	75000	295	324	0	1046	83	87	0	112	55	77	0	64	157	160	0	870
20:55:00	75300	290	332	0	1004	80	92	0	100	66	57	0	73	144	183	0	831
21:00:00	75600	162	292	0	874	12	72	0	40	61	63	0	71	89	157	0	763
21:05:00	75900	156	248	0	782	8	29	0	19	57	70	0	58	91	149	0	705
21:10:00	76200	119	213	0	688	17	18	0	18	45	50	0	53	57	145	0	617
21:15:00	76500	105	173	0	620	20	18	0	20	27	50	0	30	58	105	0	570
21:20:00	76800	81	160	0	541	7	18	0	9	37	31	0	36	37	111	0	496
21:25:00	77100	54	136	0	459	6	7	0	8	14	26	0	24	34	103	0	427
21:30:00	77400	43	107	0	395	4	9	0	3	10	20	0	14	29	78	0	378
21:35:00	77700	33	75	0	353	5	3	0	5	9	14	0	9	19	58	0	339
21:40:00	78000	30	75	0	308	5	6	0	4	6	9	0	6	19	60	0	298
21:45:00	78300	19	57	0	270	1	4	0	1	7	7	0	6	11	46	0	263
21:50:00	78600	22	58	0	234	2	2	0	1	8	8	0	6	12	48	0	227
21:55:00	78900	14	45	0	203	0	1	0	0	6	3	0	9	8	41	0	194
22:00:00	79200	13	37	0	179	1	0	0	1	4	6	0	7	8	31	0	171
22:05:00	79500	13	32	0	160	1	1	0	1	5	7	0	5	7	24	0	154
22:10:00	79800	5	17	0	148	0	0	0	1	0	2	0	3	5	15	0	144
22:15:00	80100	9	25	0	132	0	1	0	0	2	3	0	2	7	21	0	130
22:20:00	80400	0	9	0	123	0	0	0	0	0	0	0	2	0	9	0	121
22:25:00	80700	3	12	0	114	1	0	0	1	0	2	0	0	2	10	0	113
22:30:00	81000	4	14	0	104	0	1	0	0	2	0	0	2	2	13	0	102
22:35:00	81300	3	7	0	100	0	0	0	0	0	2	0	0	3	5	0	100
22:40:00	81600	1	7	0	94	0	0	0	0	0	0	0	0	1	7	0	94
22:45:00	81900	0	14	0	80	0	0	0	0	0	0	0	0	0	14	0	80
22:50:00	82200	1	9	0	72	0	0	0	0	0	0	0	0	1	9	0	72
22:55:00	82500	0	6	0	66	0	0	0	0	0	0	0	0	0	6	0	66
23:00:00	82800	0	4	0	62	0	0	0	0	0	0	0	0	0	4	0	62
23:05:00	83100	0	3	0	59	0	0	0	0	0	0	0	0	0	3	0	59
23:10:00	83400	0	2	0	57	0	0	0	0	0	0	0	0	0	2	0	57
23:15:00	83700	0	2	0	55	0	0	0	0	0	0	0	0	0	2	0	55
23:20:00	84000	0	5	0	50	0	0	0	0	0	0	0	0	0	5	0	50
23:25:00	84300	0	2	0	48	0	0	0	0	0	0	0	0	0	2	0	48
23:30:00	84600	1	6	0	43	0	0	0	0	0	0	0	0	1	6	0	43
23:35:00	84900	0	5	0	38	0	0	0	0	0	0	0	0	0	5	0	38
23:40:00	85200	1	3	0	36	0	0	0	0	0	0	0	0	1	3	0	36
23:45:00	85500	0	3	0	33	0	0	0	0	0	0	0	0	0	3	0	33
23:50:00	85800	0	0	0	33	0	0	0	0	0	0	0	0	0	0	0	33
23:55:00	86100	0	0	0	33	0	0	0	0	0	0	0	0	0	0	0	33
24:00:00	86400	0	2	0	31	0	0	0	0	0	0	0	0	0	2	0	31
24:05:00	86700	0	5	0	26	0	0	0	0	0	0	0	0	0	5	0	26
24:10:00	87000	0	0	0	26	0	0	0	0	0	0	0	0	0	0	0	26
24:15:00	87300	0	0	0	26	0	0	0	0	0	0	0	0	0	0	0	26
24:20:00	87600	0	1	0	25	0	0	0	0	0	0	0	0	0	1	0	25
24:25:00	87900	0	3	0	22	0	0	0	0	0	0	0	0	0	3	0	22
24:30:00	88200	0	1	0	21	0	0	0	0	0	0	0	0	0	1	0	21
24:35:00	88500	0	2	0	19	0	0	0	0	0	0	0	0	0	2	0	19
24:40:00	88800	0	2	0	17	0	0	0	0	0	0	0	0	0	2	0	17
24:45:00	89100	0	1	0	16	0	0	0	0	0	0	0	0	0	1	0	16
24:50:00	89400	0	0	0	16	0	0	0	0	0	0	0	0	0	0	0	16
24:55:00	89700	0	0	0	16	0	0	0	0	0	0	0	0	0	0	0	16
25:00:00	90000	0	0	0	16	0	0	0	0	0	0	0	0	0	0	0	16
25:05:00	90300	0	1	0	15	0	0	0	0	0	0	0	0	0	1	0	15
25:10:00	90600	0	0	0	15	0	0	0	0	0	0	0	0	0	0	0	15
25:15:00	90900	0	1	0	14	0	0	0	0	0	0	0	0	0	1	0	14
25:20:00	91200	0	1	0	13	0	0	0	0	0	0	0	0	0	1	0	13
25:25:00	91500	0	0	0	13	0	0	0	0	0	0	0	0	0	0	0	13
25:30:00	91800	0	1	0	12	0	0	0	0	0	0	0	0	0	1	0	12
25:35:00	92100	0	0	0	12	0	0	0	0	0	0	0	0	0	0	0	12
25:40:00	92400	0	1	0	11	0	0	0	0	0	0	0	0	0	1	0	11
25:45:00	92700	0	1	0	10	0	0	0	0	0	0	0	0	0	1	0	10
25:50:00	93000	0	3	0	7	0	0	0	0	0	0	0	0	0	3	0	7
25:55:00	93300	0	1	0	6	0	0	0	0	0	0	0	0	0	1	0	6
26:00:00	93600	0	2	0	4	0	0	0	0	0	0	0	0	0	2	0	4
26:05:00	93900	0	0	0	4	0	0	0	0	0	0	0	0	0	0	0	4
26:10:00	94200	0	0	0	4	0	0	0	0	0	0	0	0	0	0	0	4
26:15:00	94500	0	0	0	4	0	0	0	0	0	0	0	0	0	0	0	4
26:20:00	94800	0	0	0	4	0	0	0	0	0	0	0	0	0	0	0	4
26:25:00	95100	0	0	0	4	0	0	0	0	0	0	0	0	0	0	0	4
26:30:00	95400	0	0	0	4	0	0	0	0	0	0	0	0	0	0	0	4
26:35:00	95700	0	1	0	3	0	0	0	0	0	0	0	0	0	1	0	3
26:40:00	96000	0	1	0	2	0	0	0	0	0	0	0	0	0	1	0	2
26:45:00	96300	0	1	0	1	0	0	0	0	0	0	0	0	0	1	0	1
26:50:00	96600	0	0	0	1	0	0	0	0	0	0	0	0	0	0	0	1
26:55:00	96900	0	0	0	1	0	0	0	0	0	0	0	0	0	0	0	1
27:00:00	97200	0	0	0	1	0	0	0	0	0	0	0	0	0	0	0	1
27:05:00	97500	0	0	0	1	0	0	0	0	0	0	0	0	0	0	0	1
27:10:00	97800	0	0	0	1	0	0	0	0	0	0	0	0	0	0	0	1
27:15:00	98100	0	0	0	1	0	0	0	0	0	0	0	0	0	0	0	1
27:20:00	98400	0	0	0	1	0	0	0	0	0	0	0	0	0	0	0	1
27:25:00	98700	0	0	0	1	0	0	0	0	0	0	0	0	0	0	0	1
27:30:00	99000	0	0	0	1	0	0	0	0	0	0	0	0	0	0	0	1
27:35:00	99300	0	0	0	1	0	0	0	0	0	0	0	0	0	0	0	1
27:40:00	99600	0	0	0	1	0	0	0	0	0	0	0	0	0	0	0	1
27:45:00	99900	0	1	0	0	0	0	0	0	0	0	0	0	0	1	0	0
27:50:00	100200	0	0	0	0	0	0	0	0	0	0	0	0	0	0	0	0
27:55:00	100500	0	0	0	0	0	0	0	0	0	0	0	0	0	0	0	0
28:00:00	100800	0	0	0	0	0	0	0	0	0	0	0	0	0	0	0	0
28:05:00	101100	0	0	0	0	0	0	0	0	0	0	0	0	0	0	0	0
28:10:00	101400	0	0	0	0	0	0	0	0	0	0	0	0	0	0	0	0
28:15:00	101700	0	0	0	0	0	0	0	0	0	0	0	0	0	0	0	0
28:20:00	102000	0	0	0	0	0	0	0	0	0	0	0	0	0	0	0	0
28:25:00	102300	0	0	0	0	0	0	0	0	0	0	0	0	0	0	0	0
28:30:00	102600	0	0	0	0	0	0	0	0	0	0	0	0	0	0	0	0
28:35:00	102900	0	0	0	0	0	0	0	0	0	0	0	0	0	0	0	0
28:40:00	103200	0	0	0	0	0	0	0	0	0	0	0	0	0	0	0	0
28:45:00	103500	0	0	0	0	0	0	0	0	0	0	0	0	0	0	0	0
28:50:00	103800	0	0	0	0	0	0	0	0	0	0	0	0	0	0	0	0
28:55:00	104100	0	0	0	0	0	0	0	0	0	0	0	0	0	0	0	0
29:00:00	104400	0	0	0	0	0	0	0	0	0	0	0	0	0	0	0	0
29:05:00	104700	0	0	0	0	0	0	0	0	0	0	0	0	0	0	0	0
29:10:00	105000	0	0	0	0	0	0	0	0	0	0	0	0	0	0	0	0
29:15:00	105300	0	0	0	0	0	0	0	0	0	0	0	0	0	0	0	0
29:20:00	105600	0	0	0	0	0	0	0	0	0	0	0	0	0	0	0	0
29:25:00	105900	0	0	0	0	0	0	0	0	0	0	0	0	0	0	0	0
29:30:00	106200	0	0	0	0	0	0	0	0	0	0	0	0	0	0	0	0
29:35:00	106500	0	0	0	0	0	0	0	0	0	0	0	0	0	0	0	0
29:40:00	106800	0	0	0	0	0	0	0	0	0	0	0	0	0	0	0	0
29:45:00	107100	0	0	0	0	0	0	0	0	0	0	0	0	0	0	0	0
29:50:00	107400	0	0	0	0	0	0	0	0	0	0	0	0	0	0	0	0
29:55:00	107700	0	0	0	0	0	0	0	0	0	0	0	0	0	0	0	0
30:00:00	108000	0	0	0	0	0	0	0	0	0	0	0	0	0	0	0	0
30:05:00	108300	0	0	0	0	0	0	0	0	0	0	0	0	0	0	0	0
