time	time	departures_all	arrivals_all	stuck_all	en-route_all	departures_car	arrivals_car	stuck_car	en-route_car	departures_pt	arrivals_pt	stuck_pt	en-route_pt	departures_walk	arrivals_walk	stuck_walk	en-route_walk
00:00:00	0	0	0	0	0	0	0	0	0	0	0	0	0	0	0	0	0
00:05:00	300	0	0	0	0	0	0	0	0	0	0	0	0	0	0	0	0
00:10:00	600	0	0	0	0	0	0	0	0	0	0	0	0	0	0	0	0
00:15:00	900	0	0	0	0	0	0	0	0	0	0	0	0	0	0	0	0
00:20:00	1200	0	0	0	0	0	0	0	0	0	0	0	0	0	0	0	0
00:25:00	1500	0	0	0	0	0	0	0	0	0	0	0	0	0	0	0	0
00:30:00	1800	0	0	0	0	0	0	0	0	0	0	0	0	0	0	0	0
00:35:00	2100	0	0	0	0	0	0	0	0	0	0	0	0	0	0	0	0
00:40:00	2400	0	0	0	0	0	0	0	0	0	0	0	0	0	0	0	0
00:45:00	2700	0	0	0	0	0	0	0	0	0	0	0	0	0	0	0	0
00:50:00	3000	0	0	0	0	0	0	0	0	0	0	0	0	0	0	0	0
00:55:00	3300	0	0	0	0	0	0	0	0	0	0	0	0	0	0	0	0
01:00:00	3600	0	0	0	0	0	0	0	0	0	0	0	0	0	0	0	0
01:05:00	3900	0	0	0	0	0	0	0	0	0	0	0	0	0	0	0	0
01:10:00	4200	0	0	0	0	0	0	0	0	0	0	0	0	0	0	0	0
01:15:00	4500	0	0	0	0	0	0	0	0	0	0	0	0	0	0	0	0
01:20:00	4800	0	0	0	0	0	0	0	0	0	0	0	0	0	0	0	0
01:25:00	5100	0	0	0	0	0	0	0	0	0	0	0	0	0	0	0	0
01:30:00	5400	0	0	0	0	0	0	0	0	0	0	0	0	0	0	0	0
01:35:00	5700	0	0	0	0	0	0	0	0	0	0	0	0	0	0	0	0
01:40:00	6000	0	0	0	0	0	0	0	0	0	0	0	0	0	0	0	0
01:45:00	6300	0	0	0	0	0	0	0	0	0	0	0	0	0	0	0	0
01:50:00	6600	0	0	0	0	0	0	0	0	0	0	0	0	0	0	0	0
01:55:00	6900	0	0	0	0	0	0	0	0	0	0	0	0	0	0	0	0
02:00:00	7200	0	0	0	0	0	0	0	0	0	0	0	0	0	0	0	0
02:05:00	7500	0	0	0	0	0	0	0	0	0	0	0	0	0	0	0	0
02:10:00	7800	0	0	0	0	0	0	0	0	0	0	0	0	0	0	0	0
02:15:00	8100	0	0	0	0	0	0	0	0	0	0	0	0	0	0	0	0
02:20:00	8400	0	0	0	0	0	0	0	0	0	0	0	0	0	0	0	0
02:25:00	8700	0	0	0	0	0	0	0	0	0	0	0	0	0	0	0	0
02:30:00	9000	0	0	0	0	0	0	0	0	0	0	0	0	0	0	0	0
02:35:00	9300	0	0	0	0	0	0	0	0	0	0	0	0	0	0	0	0
02:40:00	9600	0	0	0	0	0	0	0	0	0	0	0	0	0	0	0	0
02:45:00	9900	0	0	0	0	0	0	0	0	0	0	0	0	0	0	0	0
02:50:00	10200	0	0	0	0	0	0	0	0	0	0	0	0	0	0	0	0
02:55:00	10500	0	0	0	0	0	0	0	0	0	0	0	0	0	0	0	0
03:00:00	10800	0	0	0	0	0	0	0	0	0	0	0	0	0	0	0	0
03:05:00	11100	0	0	0	0	0	0	0	0	0	0	0	0	0	0	0	0
03:10:00	11400	0	0	0	0	0	0	0	0	0	0	0	0	0	0	0	0
03:15:00	11700	0	0	0	0	0	0	0	0	0	0	0	0	0	0	0	0
03:20:00	12000	0	0	0	0	0	0	0	0	0	0	0	0	0	0	0	0
03:25:00	12300	0	0	0	0	0	0	0	0	0	0	0	0	0	0	0	0
03:30:00	12600	0	0	0	0	0	0	0	0	0	0	0	0	0	0	0	0
03:35:00	12900	0	0	0	0	0	0	0	0	0	0	0	0	0	0	0	0
03:40:00	13200	0	0	0	0	0	0	0	0	0	0	0	0	0	0	0	0
03:45:00	13500	0	0	0	0	0	0	0	0	0	0	0	0	0	0	0	0
03:50:00	13800	0	0	0	0	0	0	0	0	0	0	0	0	0	0	0	0
03:55:00	14100	0	0	0	0	0	0	0	0	0	0	0	0	0	0	0	0
04:00:00	14400	0	0	0	0	0	0	0	0	0	0	0	0	0	0	0	0
04:05:00	14700	0	0	0	0	0	0	0	0	0	0	0	0	0	0	0	0
04:10:00	15000	0	0	0	0	0	0	0	0	0	0	0	0	0	0	0	0
04:15:00	15300	0	0	0	0	0	0	0	0	0	0	0	0	0	0	0	0
04:20:00	15600	0	0	0	0	0	0	0	0	0	0	0	0	0	0	0	0
04:25:00	15900	0	0	0	0	0	0	0	0	0	0	0	0	0	0	0	0
04:30:00	16200	0	0	0	0	0	0	0	0	0	0	0	0	0	0	0	0
04:35:00	16500	0	0	0	0	0	0	0	0	0	0	0	0	0	0	0	0
04:40:00	16800	0	0	0	0	0	0	0	0	0	0	0	0	0	0	0	0
04:45:00	17100	0	0	0	0	0	0	0	0	0	0	0	0	0	0	0	0
04:50:00	17400	0	0	0	0	0	0	0	0	0	0	0	0	0	0	0	0
04:55:00	17700	0	0	0	0	0	0	0	0	0	0	0	0	0	0	0	0
05:00:00	18000	0	0	0	0	0	0	0	0	0	0	0	0	0	0	0	0
05:05:00	18300	0	0	0	0	0	0	0	0	0	0	0	0	0	0	0	0
05:10:00	18600	1	0	0	1	0	0	0	0	0	0	0	0	1	0	0	1
05:15:00	18900	3	1	0	3	1	0	0	1	1	0	0	1	1	1	0	1
05:20:00	19200	3	1	0	5	3	1	0	3	0	0	0	1	0	0	0	1
05:25:00	19500	5	3	0	7	3	3	0	3	0	0	0	1	2	0	0	3
05:30:00	19800	5	3	0	9	5	3	0	5	0	0	0	1	0	0	0	3
05:35:00	20100	2	4	0	7	1	4	0	2	0	0	0	1	1	0	0	4
05:40:00	20400	13	2	0	18	13	2	0	13	0	0	0	1	0	0	0	4
05:45:00	20700	15	8	0	25	11	7	0	17	1	0	0	2	3	1	0	6
05:50:00	21000	25	21	0	29	18	20	0	15	1	0	0	3	6	1	0	11
05:55:00	21300	28	13	0	44	23	12	0	26	1	0	0	4	4	1	0	14
06:00:00	21600	55	36	0	63	32	30	0	28	3	2	0	5	20	4	0	30
06:05:00	21900	73	31	0	105	49	26	0	51	1	4	0	2	23	1	0	52
06:10:00	22200	120	58	0	167	85	49	0	87	4	2	0	4	31	7	0	76
06:15:00	22500	198	94	0	271	143	83	0	147	3	5	0	2	52	6	0	122
06:20:00	22800	288	151	0	408	200	131	0	216	12	3	0	11	76	17	0	181
06:25:00	23100	350	250	0	508	231	210	0	237	20	14	0	17	99	26	0	254
06:30:00	23400	485	297	0	696	335	247	0	325	29	16	0	30	121	34	0	341
06:35:00	23700	630	379	0	947	424	294	0	455	41	31	0	40	165	54	0	452
06:40:00	24000	739	550	0	1136	464	424	0	495	52	48	0	44	223	78	0	597
06:45:00	24300	897	636	0	1397	584	477	0	602	62	51	0	55	251	108	0	740
06:50:00	24600	1136	749	0	1784	705	555	0	752	81	65	0	71	350	129	0	961
06:55:00	24900	1417	955	0	2246	851	704	0	899	113	84	0	100	453	167	0	1247
07:00:00	25200	1923	1196	0	2973	1172	881	0	1190	116	105	0	111	635	210	0	1672
07:05:00	25500	2719	1531	0	4161	1661	1152	0	1699	169	112	0	168	889	267	0	2294
07:10:00	25800	3828	2147	0	5842	2295	1604	0	2390	239	171	0	236	1294	372	0	3216
07:15:00	26100	4820	2575	0	8087	2798	1900	0	3288	284	218	0	302	1738	457	0	4497
07:20:00	26400	5881	2983	0	10985	3377	2100	0	4565	426	253	0	475	2078	630	0	5945
07:25:00	26700	6602	3343	0	14244	3763	2221	0	6107	501	350	0	626	2338	772	0	7511
07:30:00	27000	6641	3575	0	17310	3679	2231	0	7555	606	336	0	896	2356	1008	0	8859
07:35:00	27300	6527	3807	0	20030	3435	2152	0	8838	744	473	0	1167	2348	1182	0	10025
07:40:00	27600	5761	4296	0	21495	2803	2242	0	9399	857	559	0	1465	2101	1495	0	10631
07:45:00	27900	4963	4438	0	22020	2327	2216	0	9510	829	595	0	1699	1807	1627	0	10811
07:50:00	28200	4028	4308	0	21740	1683	1976	0	9217	842	628	0	1913	1503	1704	0	10610
07:55:00	28500	3291	4283	0	20748	1262	1866	0	8613	739	650	0	2002	1290	1767	0	10133
08:00:00	28800	2718	4138	0	19328	983	1699	0	7897	649	629	0	2022	1086	1810	0	9409
08:05:00	29100	2513	4357	0	17484	750	1762	0	6885	594	822	0	1794	1169	1773	0	8805
08:10:00	29400	2069	3929	0	15624	629	1502	0	6012	459	681	0	1572	981	1746	0	8040
08:15:00	29700	1765	3620	0	13769	576	1398	0	5190	448	505	0	1515	741	1717	0	7064
08:20:00	30000	1635	3571	0	11833	499	1396	0	4293	314	587	0	1242	822	1588	0	6298
08:25:00	30300	1474	3083	0	10224	436	1163	0	3566	333	491	0	1084	705	1429	0	5574
08:30:00	30600	1347	2866	0	8705	369	1008	0	2927	323	486	0	921	655	1372	0	4857
08:35:00	30900	1050	2284	0	7471	282	712	0	2497	249	364	0	806	519	1208	0	4168
08:40:00	31200	978	2041	0	6408	231	635	0	2093	220	396	0	630	527	1010	0	3685
08:45:00	31500	876	1823	0	5461	223	559	0	1757	222	308	0	544	431	956	0	3160
08:50:00	31800	758	1578	0	4641	151	480	0	1428	236	260	0	520	371	838	0	2693
08:55:00	32100	749	1511	0	3879	164	493	0	1099	192	289	0	423	393	729	0	2357
09:00:00	32400	823	1394	0	3308	205	485	0	819	114	332	0	205	504	577	0	2284
09:05:00	32700	802	1296	0	2814	207	454	0	572	252	165	0	292	343	677	0	1950
09:10:00	33000	746	1077	0	2483	201	349	0	424	141	226	0	207	404	502	0	1852
09:15:00	33300	737	1025	0	2195	210	335	0	299	154	194	0	167	373	496	0	1729
09:20:00	33600	655	824	0	2026	202	238	0	263	131	146	0	152	322	440	0	1611
09:25:00	33900	632	759	0	1899	179	192	0	250	123	150	0	125	330	417	0	1524
09:30:00	34200	623	673	0	1849	196	197	0	249	135	110	0	150	292	366	0	1450
09:35:00	34500	611	680	0	1780	180	207	0	222	142	131	0	161	289	342	0	1397
09:40:00	34800	614	635	0	1759	183	181	0	224	122	149	0	134	309	305	0	1401
09:45:00	35100	600	615	0	1744	195	175	0	244	128	129	0	133	277	311	0	1367
09:50:00	35400	658	643	0	1759	219	209	0	254	142	115	0	160	297	319	0	1345
09:55:00	35700	625	661	0	1723	194	210	0	238	122	143	0	139	309	308	0	1346
10:00:00	36000	663	625	0	1761	208	201	0	245	134	126	0	147	321	298	0	1369
10:05:00	36300	616	605	0	1772	195	193	0	247	112	142	0	117	309	270	0	1408
10:10:00	36600	658	621	0	1809	221	218	0	250	118	110	0	125	319	293	0	1434
10:15:00	36900	664	681	0	1792	208	218	0	240	160	127	0	158	296	336	0	1394
10:20:00	37200	678	623	0	1847	201	190	0	251	130	141	0	147	347	292	0	1449
10:25:00	37500	666	647	0	1866	185	189	0	247	159	145	0	161	322	313	0	1458
10:30:00	37800	691	682	0	1875	196	209	0	234	141	154	0	148	354	319	0	1493
10:35:00	38100	643	648	0	1870	191	188	0	237	151	134	0	165	301	326	0	1468
10:40:00	38400	668	662	0	1876	199	199	0	237	145	147	0	163	324	316	0	1476
10:45:00	38700	660	684	0	1852	204	199	0	242	138	148	0	153	318	337	0	1457
10:50:00	39000	637	656	0	1833	207	209	0	240	130	136	0	147	300	311	0	1446
10:55:00	39300	608	635	0	1806	182	188	0	234	139	132	0	154	287	315	0	1418
11:00:00	39600	645	614	0	1837	220	198	0	256	116	130	0	140	309	286	0	1441
11:05:00	39900	644	649	0	1832	198	202	0	252	136	116	0	160	310	331	0	1420
11:10:00	40200	634	654	0	1812	216	208	0	260	120	142	0	138	298	304	0	1414
11:15:00	40500	631	630	0	1813	182	195	0	247	136	137	0	137	313	298	0	1429
11:20:00	40800	624	612	0	1825	213	195	0	265	120	130	0	127	291	287	0	1433
11:25:00	41100	655	637	0	1843	190	221	0	234	146	111	0	162	319	305	0	1447
11:30:00	41400	634	664	0	1813	185	207	0	212	145	150	0	157	304	307	0	1444
11:35:00	41700	676	631	0	1858	185	178	0	219	144	149	0	152	347	304	0	1487
11:40:00	42000	676	660	0	1874	208	186	0	241	152	142	0	162	316	332	0	1471
11:45:00	42300	662	676	0	1860	181	204	0	218	152	151	0	163	329	321	0	1479
11:50:00	42600	660	659	0	1861	179	191	0	206	130	150	0	143	351	318	0	1512
11:55:00	42900	644	627	0	1878	198	179	0	225	153	124	0	172	293	324	0	1481
12:00:00	43200	659	668	0	1869	200	188	0	237	154	150	0	176	305	330	0	1456
12:05:00	43500	683	655	0	1897	232	201	0	268	123	155	0	144	328	299	0	1485
12:10:00	43800	591	644	0	1844	173	205	0	236	125	134	0	135	293	305	0	1473
12:15:00	44100	670	619	0	1895	248	193	0	291	123	113	0	145	299	313	0	1459
12:20:00	44400	639	679	0	1855	207	250	0	248	128	135	0	138	304	294	0	1469
12:25:00	44700	645	675	0	1825	210	199	0	259	128	142	0	124	307	334	0	1442
12:30:00	45000	647	610	0	1862	214	195	0	278	148	105	0	167	285	310	0	1417
12:35:00	45300	652	667	0	1847	198	221	0	255	136	146	0	157	318	300	0	1435
12:40:00	45600	650	647	0	1850	200	217	0	238	129	151	0	135	321	279	0	1477
12:45:00	45900	601	584	0	1867	196	194	0	240	130	122	0	143	275	268	0	1484
12:50:00	46200	667	667	0	1867	221	212	0	249	126	136	0	133	320	319	0	1485
12:55:00	46500	659	624	0	1902	214	196	0	267	135	119	0	149	310	309	0	1486
13:00:00	46800	679	682	0	1899	189	206	0	250	148	152	0	145	342	324	0	1504
13:05:00	47100	662	664	0	1897	183	211	0	222	145	129	0	161	334	324	0	1514
13:10:00	47400	687	638	0	1946	219	189	0	252	146	137	0	170	322	312	0	1524
13:15:00	47700	654	664	0	1936	199	208	0	243	141	150	0	161	314	306	0	1532
13:20:00	48000	665	652	0	1949	203	179	0	267	133	148	0	146	329	325	0	1536
13:25:00	48300	574	615	0	1908	178	207	0	238	119	121	0	144	277	287	0	1526
13:30:00	48600	640	631	0	1917	221	199	0	260	116	124	0	136	303	308	0	1521
13:35:00	48900	612	689	0	1840	190	224	0	226	131	131	0	136	291	334	0	1478
13:40:00	49200	651	628	0	1863	225	207	0	244	137	126	0	147	289	295	0	1472
13:45:00	49500	660	632	0	1891	221	192	0	273	135	132	0	150	304	308	0	1468
13:50:00	49800	638	683	0	1846	190	236	0	227	140	141	0	149	308	306	0	1470
13:55:00	50100	629	618	0	1857	215	178	0	264	140	126	0	163	274	314	0	1430
14:00:00	50400	652	660	0	1849	191	230	0	225	118	148	0	133	343	282	0	1491
14:05:00	50700	640	627	0	1862	200	173	0	252	142	117	0	158	298	337	0	1452
14:10:00	51000	605	624	0	1843	190	207	0	235	117	139	0	136	298	278	0	1472
14:15:00	51300	654	625	0	1872	201	195	0	241	146	128	0	154	307	302	0	1477
14:20:00	51600	669	690	0	1851	192	203	0	230	154	139	0	169	323	348	0	1452
14:25:00	51900	682	658	0	1875	201	188	0	243	134	161	0	142	347	309	0	1490
14:30:00	52200	623	641	0	1857	193	184	0	252	135	130	0	147	295	327	0	1458
14:35:00	52500	620	637	0	1840	193	201	0	244	116	130	0	133	311	306	0	1463
14:40:00	52800	649	650	0	1839	205	216	0	233	134	122	0	145	310	312	0	1461
14:45:00	53100	597	579	0	1857	203	187	0	249	115	124	0	136	279	268	0	1472
14:50:00	53400	650	636	0	1871	209	205	0	253	128	139	0	125	313	292	0	1493
14:55:00	53700	657	625	0	1903	226	217	0	262	135	119	0	141	296	289	0	1500
15:00:00	54000	687	694	0	1896	228	208	0	282	155	146	0	150	304	340	0	1464
15:05:00	54300	617	659	0	1854	178	216	0	244	134	137	0	147	305	306	0	1463
15:10:00	54600	622	649	0	1827	203	198	0	249	127	127	0	147	292	324	0	1431
15:15:00	54900	645	601	0	1871	197	187	0	259	127	131	0	143	321	283	0	1469
15:20:00	55200	642	662	0	1851	183	201	0	241	135	131	0	147	324	330	0	1463
15:25:00	55500	641	642	0	1850	204	197	0	248	144	139	0	152	293	306	0	1450
15:30:00	55800	610	590	0	1870	180	197	0	231	119	135	0	136	311	258	0	1503
15:35:00	56100	648	614	0	1904	201	186	0	246	142	125	0	153	305	303	0	1505
15:40:00	56400	661	630	0	1935	222	196	0	272	123	134	0	142	316	300	0	1521
15:45:00	56700	677	662	0	1950	228	222	0	278	142	129	0	155	307	311	0	1517
15:50:00	57000	688	693	0	1945	209	221	0	266	145	131	0	169	334	341	0	1510
15:55:00	57300	680	659	0	1966	218	226	0	258	132	139	0	162	330	294	0	1546
16:00:00	57600	751	645	0	2072	259	191	0	326	149	142	0	169	343	312	0	1577
16:05:00	57900	760	743	0	2089	260	265	0	321	154	154	0	169	346	324	0	1599
16:10:00	58200	763	751	0	2101	273	262	0	332	152	152	0	169	338	337	0	1600
16:15:00	58500	876	773	0	2204	348	296	0	384	154	153	0	170	374	324	0	1650
16:20:00	58800	872	822	0	2254	353	317	0	420	163	160	0	173	356	345	0	1661
16:25:00	59100	1060	902	0	2412	475	380	0	515	149	157	0	165	436	365	0	1732
16:30:00	59400	1179	992	0	2599	545	464	0	596	172	162	0	175	462	366	0	1828
16:35:00	59700	1302	1074	0	2827	616	508	0	704	186	164	0	197	500	402	0	1926
16:40:00	60000	1366	1191	0	3002	674	631	0	747	197	177	0	217	495	383	0	2038
16:45:00	60300	1549	1282	0	3269	744	659	0	832	202	203	0	216	603	420	0	2221
16:50:00	60600	1729	1416	0	3582	837	752	0	917	237	205	0	248	655	459	0	2417
16:55:00	60900	2053	1554	0	4081	1030	828	0	1119	247	219	0	276	776	507	0	2686
17:00:00	61200	2593	1755	0	4919	1327	1005	0	1441	270	249	0	297	996	501	0	3181
17:05:00	61500	3485	2157	0	6247	1880	1254	0	2067	362	261	0	398	1243	642	0	3782
17:10:00	61800	4289	2534	0	8002	2327	1578	0	2816	411	276	0	533	1551	680	0	4653
17:15:00	62100	5633	3064	0	10571	3084	1847	0	4053	518	379	0	672	2031	838	0	5846
17:20:00	62400	6541	3331	0	13781	3625	2003	0	5675	607	332	0	947	2309	996	0	7159
17:25:00	62700	7207	3754	0	17234	3926	2151	0	7450	775	344	0	1378	2506	1259	0	8406
17:30:00	63000	7345	3784	0	20795	3980	2065	0	9365	860	386	0	1852	2505	1333	0	9578
17:35:00	63300	6955	4132	0	23618	3546	2181	0	10730	972	384	0	2440	2437	1567	0	10448
17:40:00	63600	6426	4369	0	25675	3061	2048	0	11743	1017	634	0	2823	2348	1687	0	11109
17:45:00	63900	5308	4143	0	26840	2482	1825	0	12400	955	566	0	3212	1871	1752	0	11228
17:50:00	64200	4164	3900	0	27104	1819	1660	0	12559	870	472	0	3610	1475	1768	0	10935
17:55:00	64500	3317	3906	0	26515	1372	1651	0	12280	706	574	0	3742	1239	1681	0	10493
18:00:00	64800	2771	4089	0	25197	1030	1841	0	11469	675	499	0	3918	1066	1749	0	9810
18:05:00	65100	2466	4172	0	23491	907	1924	0	10452	523	588	0	3853	1036	1660	0	9186
18:10:00	65400	2043	4067	0	21467	748	1891	0	9309	439	495	0	3797	856	1681	0	8361
18:15:00	65700	1939	3946	0	19460	675	1841	0	8143	393	500	0	3690	871	1605	0	7627
18:20:00	66000	1596	3394	0	17662	559	1577	0	7125	283	394	0	3579	754	1423	0	6958
18:25:00	66300	1532	3257	0	15937	524	1470	0	6179	277	423	0	3433	731	1364	0	6325
18:30:00	66600	1365	3004	0	14298	457	1331	0	5305	214	459	0	3188	694	1214	0	5805
18:35:00	66900	1858	3291	0	12865	362	1063	0	4604	257	973	0	2472	1239	1255	0	5789
18:40:00	67200	1410	2665	0	11610	342	889	0	4057	411	439	0	2444	657	1337	0	5109
18:45:00	67500	1644	2712	0	10542	291	663	0	3685	447	713	0	2178	906	1336	0	4679
18:50:00	67800	1201	2317	0	9426	248	645	0	3288	216	546	0	1848	737	1126	0	4290
18:55:00	68100	1123	2159	0	8390	247	589	0	2946	230	472	0	1606	646	1098	0	3838
19:00:00	68400	1103	2016	0	7477	211	588	0	2569	204	502	0	1308	688	926	0	3600
19:05:00	68700	939	1696	0	6720	190	471	0	2288	178	383	0	1103	571	842	0	3329
19:10:00	69000	770	1483	0	6007	207	480	0	2015	150	233	0	1020	413	770	0	2972
19:15:00	69300	800	1354	0	5453	184	391	0	1808	151	258	0	913	465	705	0	2732
19:20:00	69600	713	1275	0	4891	186	461	0	1533	144	194	0	863	383	620	0	2495
19:25:00	69900	736	1200	0	4427	185	398	0	1320	141	254	0	750	410	548	0	2357
19:30:00	70200	755	1159	0	4023	214	423	0	1111	113	270	0	593	428	466	0	2319
19:35:00	70500	750	1216	0	3557	178	442	0	847	192	204	0	581	380	570	0	2129
19:40:00	70800	958	1370	0	3145	200	441	0	606	160	417	0	324	598	512	0	2215
19:45:00	71100	722	1173	0	2694	112	359	0	359	188	320	0	192	422	494	0	2143
19:50:00	71400	516	884	0	2326	99	266	0	192	151	156	0	187	266	462	0	1947
19:55:00	71700	508	763	0	2071	108	170	0	130	113	180	0	120	287	413	0	1821
20:00:00	72000	458	632	0	1897	117	102	0	145	124	116	0	128	217	414	0	1624
20:05:00	72300	442	547	0	1792	112	113	0	144	110	117	0	121	220	317	0	1527
20:10:00	72600	411	521	0	1682	106	107	0	143	107	109	0	119	198	305	0	1420
20:15:00	72900	400	531	0	1551	84	115	0	112	117	105	0	131	199	311	0	1308
20:20:00	73200	389	466	0	1474	101	85	0	128	77	112	0	96	211	269	0	1250
20:25:00	73500	398	489	0	1383	112	101	0	139	83	93	0	86	203	295	0	1158
20:30:00	73800	353	428	0	1308	98	113	0	124	81	73	0	94	174	242	0	1090
20:35:00	74100	334	445	0	1197	93	115	0	102	75	75	0	94	166	255	0	1001
20:40:00	74400	332	380	0	1149	94	85	0	111	59	95	0	58	179	200	0	980
20:45:00	74700	301	357	0	1093	93	90	0	114	79	57	0	80	129	210	0	899
20:50:00	75000	285	317	0	1061	85	88	0	111	54	66	0	68	146	163	0	882
20:55:00	75300	304	346	0	1019	84	91	0	104	71	66	0	73	149	189	0	842
21:00:00	75600	135	285	0	869	11	78	0	37	48	55	0	66	76	152	0	766
21:05:00	75900	153	242	0	780	8	29	0	16	53	68	0	51	92	145	0	713
21:10:00	76200	101	182	0	699	20	16	0	20	35	37	0	49	46	129	0	630
21:15:00	76500	102	168	0	633	20	19	0	21	27	41	0	35	55	108	0	577
21:20:00	76800	79	160	0	552	7	19	0	9	32	33	0	34	40	108	0	509
21:25:00	77100	58	130	0	480	7	6	0	10	17	26	0	25	34	98	0	445
21:30:00	77400	43	104	0	419	5	12	0	3	8	20	0	13	30	72	0	403
21:35:00	77700	37	79	0	377	4	2	0	5	10	17	0	6	23	60	0	366
21:40:00	78000	30	76	0	331	4	6	0	3	8	6	0	8	18	64	0	320
21:45:00	78300	22	65	0	288	3	3	0	3	6	9	0	5	13	53	0	280
21:50:00	78600	19	52	0	255	2	4	0	1	8	6	0	7	9	42	0	247
21:55:00	78900	19	43	0	231	0	1	0	0	8	5	0	10	11	37	0	221
22:00:00	79200	11	38	0	204	1	0	0	1	3	6	0	7	7	32	0	196
22:05:00	79500	15	38	0	181	1	1	0	1	5	8	0	4	9	29	0	176
22:10:00	79800	4	20	0	165	0	0	0	1	0	1	0	3	4	19	0	161
22:15:00	80100	9	24	0	150	0	1	0	0	1	3	0	1	8	20	0	149
22:20:00	80400	0	12	0	138	0	0	0	0	0	0	0	1	0	12	0	137
22:25:00	80700	1	14	0	125	0	0	0	0	0	1	0	0	1	13	0	125
22:30:00	81000	3	15	0	113	0	0	0	0	1	0	0	1	2	15	0	112
22:35:00	81300	3	6	0	110	0	0	0	0	0	1	0	0	3	5	0	110
22:40:00	81600	1	9	0	102	0	0	0	0	0	0	0	0	1	9	0	102
22:45:00	81900	0	13	0	89	0	0	0	0	0	0	0	0	0	13	0	89
22:50:00	82200	1	10	0	80	0	0	0	0	0	0	0	0	1	10	0	80
22:55:00	82500	0	8	0	72	0	0	0	0	0	0	0	0	0	8	0	72
23:00:00	82800	0	4	0	68	0	0	0	0	0	0	0	0	0	4	0	68
23:05:00	83100	0	3	0	65	0	0	0	0	0	0	0	0	0	3	0	65
23:10:00	83400	0	3	0	62	0	0	0	0	0	0	0	0	0	3	0	62
23:15:00	83700	0	6	0	56	0	0	0	0	0	0	0	0	0	6	0	56
23:20:00	84000	0	7	0	49	0	0	0	0	0	0	0	0	0	7	0	49
23:25:00	84300	0	1	0	48	0	0	0	0	0	0	0	0	0	1	0	48
23:30:00	84600	0	4	0	44	0	0	0	0	0	0	0	0	0	4	0	44
23:35:00	84900	0	4	0	40	0	0	0	0	0	0	0	0	0	4	0	40
23:40:00	85200	1	4	0	37	0	0	0	0	0	0	0	0	1	4	0	37
23:45:00	85500	0	1	0	36	0	0	0	0	0	0	0	0	0	1	0	36
23:50:00	85800	0	0	0	36	0	0	0	0	0	0	0	0	0	0	0	36
23:55:00	86100	0	0	0	36	0	0	0	0	0	0	0	0	0	0	0	36
24:00:00	86400	0	2	0	34	0	0	0	0	0	0	0	0	0	2	0	34
24:05:00	86700	0	4	0	30	0	0	0	0	0	0	0	0	0	4	0	30
24:10:00	87000	0	0	0	30	0	0	0	0	0	0	0	0	0	0	0	30
24:15:00	87300	0	3	0	27	0	0	0	0	0	0	0	0	0	3	0	27
24:20:00	87600	0	1	0	26	0	0	0	0	0	0	0	0	0	1	0	26
24:25:00	87900	0	2	0	24	0	0	0	0	0	0	0	0	0	2	0	24
24:30:00	88200	0	1	0	23	0	0	0	0	0	0	0	0	0	1	0	23
24:35:00	88500	0	2	0	21	0	0	0	0	0	0	0	0	0	2	0	21
24:40:00	88800	0	2	0	19	0	0	0	0	0	0	0	0	0	2	0	19
24:45:00	89100	0	1	0	18	0	0	0	0	0	0	0	0	0	1	0	18
24:50:00	89400	0	0	0	18	0	0	0	0	0	0	0	0	0	0	0	18
24:55:00	89700	0	2	0	16	0	0	0	0	0	0	0	0	0	2	0	16
25:00:00	90000	0	0	0	16	0	0	0	0	0	0	0	0	0	0	0	16
25:05:00	90300	0	1	0	15	0	0	0	0	0	0	0	0	0	1	0	15
25:10:00	90600	0	0	0	15	0	0	0	0	0	0	0	0	0	0	0	15
25:15:00	90900	0	1	0	14	0	0	0	0	0	0	0	0	0	1	0	14
25:20:00	91200	0	1	0	13	0	0	0	0	0	0	0	0	0	1	0	13
25:25:00	91500	0	1	0	12	0	0	0	0	0	0	0	0	0	1	0	12
25:30:00	91800	0	1	0	11	0	0	0	0	0	0	0	0	0	1	0	11
25:35:00	92100	0	0	0	11	0	0	0	0	0	0	0	0	0	0	0	11
25:40:00	92400	0	0	0	11	0	0	0	0	0	0	0	0	0	0	0	11
25:45:00	92700	0	1	0	10	0	0	0	0	0	0	0	0	0	1	0	10
25:50:00	93000	0	3	0	7	0	0	0	0	0	0	0	0	0	3	0	7
25:55:00	93300	0	1	0	6	0	0	0	0	0	0	0	0	0	1	0	6
26:00:00	93600	0	3	0	3	0	0	0	0	0	0	0	0	0	3	0	3
26:05:00	93900	0	0	0	3	0	0	0	0	0	0	0	0	0	0	0	3
26:10:00	94200	0	0	0	3	0	0	0	0	0	0	0	0	0	0	0	3
26:15:00	94500	0	0	0	3	0	0	0	0	0	0	0	0	0	0	0	3
26:20:00	94800	0	0	0	3	0	0	0	0	0	0	0	0	0	0	0	3
26:25:00	95100	0	0	0	3	0	0	0	0	0	0	0	0	0	0	0	3
26:30:00	95400	0	0	0	3	0	0	0	0	0	0	0	0	0	0	0	3
26:35:00	95700	0	0	0	3	0	0	0	0	0	0	0	0	0	0	0	3
26:40:00	96000	0	0	0	3	0	0	0	0	0	0	0	0	0	0	0	3
26:45:00	96300	0	1	0	2	0	0	0	0	0	0	0	0	0	1	0	2
26:50:00	96600	0	0	0	2	0	0	0	0	0	0	0	0	0	0	0	2
26:55:00	96900	0	0	0	2	0	0	0	0	0	0	0	0	0	0	0	2
27:00:00	97200	0	0	0	2	0	0	0	0	0	0	0	0	0	0	0	2
27:05:00	97500	0	1	0	1	0	0	0	0	0	0	0	0	0	1	0	1
27:10:00	97800	0	0	0	1	0	0	0	0	0	0	0	0	0	0	0	1
27:15:00	98100	0	0	0	1	0	0	0	0	0	0	0	0	0	0	0	1
27:20:00	98400	0	0	0	1	0	0	0	0	0	0	0	0	0	0	0	1
27:25:00	98700	0	0	0	1	0	0	0	0	0	0	0	0	0	0	0	1
27:30:00	99000	0	0	0	1	0	0	0	0	0	0	0	0	0	0	0	1
27:35:00	99300	0	0	0	1	0	0	0	0	0	0	0	0	0	0	0	1
27:40:00	99600	0	0	0	1	0	0	0	0	0	0	0	0	0	0	0	1
27:45:00	99900	0	1	0	0	0	0	0	0	0	0	0	0	0	1	0	0
27:50:00	100200	0	0	0	0	0	0	0	0	0	0	0	0	0	0	0	0
27:55:00	100500	0	0	0	0	0	0	0	0	0	0	0	0	0	0	0	0
28:00:00	100800	0	0	0	0	0	0	0	0	0	0	0	0	0	0	0	0
28:05:00	101100	0	0	0	0	0	0	0	0	0	0	0	0	0	0	0	0
28:10:00	101400	0	0	0	0	0	0	0	0	0	0	0	0	0	0	0	0
28:15:00	101700	0	0	0	0	0	0	0	0	0	0	0	0	0	0	0	0
28:20:00	102000	0	0	0	0	0	0	0	0	0	0	0	0	0	0	0	0
28:25:00	102300	0	0	0	0	0	0	0	0	0	0	0	0	0	0	0	0
28:30:00	102600	0	0	0	0	0	0	0	0	0	0	0	0	0	0	0	0
28:35:00	102900	0	0	0	0	0	0	0	0	0	0	0	0	0	0	0	0
28:40:00	103200	0	0	0	0	0	0	0	0	0	0	0	0	0	0	0	0
28:45:00	103500	0	0	0	0	0	0	0	0	0	0	0	0	0	0	0	0
28:50:00	103800	0	0	0	0	0	0	0	0	0	0	0	0	0	0	0	0
28:55:00	104100	0	0	0	0	0	0	0	0	0	0	0	0	0	0	0	0
29:00:00	104400	0	0	0	0	0	0	0	0	0	0	0	0	0	0	0	0
29:05:00	104700	0	0	0	0	0	0	0	0	0	0	0	0	0	0	0	0
29:10:00	105000	0	0	0	0	0	0	0	0	0	0	0	0	0	0	0	0
29:15:00	105300	0	0	0	0	0	0	0	0	0	0	0	0	0	0	0	0
29:20:00	105600	0	0	0	0	0	0	0	0	0	0	0	0	0	0	0	0
29:25:00	105900	0	0	0	0	0	0	0	0	0	0	0	0	0	0	0	0
29:30:00	106200	0	0	0	0	0	0	0	0	0	0	0	0	0	0	0	0
29:35:00	106500	0	0	0	0	0	0	0	0	0	0	0	0	0	0	0	0
29:40:00	106800	0	0	0	0	0	0	0	0	0	0	0	0	0	0	0	0
29:45:00	107100	0	0	0	0	0	0	0	0	0	0	0	0	0	0	0	0
29:50:00	107400	0	0	0	0	0	0	0	0	0	0	0	0	0	0	0	0
29:55:00	107700	0	0	0	0	0	0	0	0	0	0	0	0	0	0	0	0
30:00:00	108000	0	0	0	0	0	0	0	0	0	0	0	0	0	0	0	0
30:05:00	108300	0	0	0	0	0	0	0	0	0	0	0	0	0	0	0	0
